data;
set M := 1 2 3 4 5 6 7 8 9 10 11 12 13 14 15 16 17 18 19 20 21 22 23 24 25 26 27 28 29 30 31 32 33 34 35 36 37 38 39 40 41 42 43 44 45 46 47 48 49 50;
set P :=  1 2 3 4 5 6 7 8 9 10 11 12 13 14 15 16 17 18 19 20 21 22 23 24 25 26 27 28 29 30 31 32 33 34 35 36 37 38 39 40 41 42 43 44 45 46 47 48 49 50 51 52 53 54 55 56 57 58 59 60 61 62 63 64 65 66 67 68 69 70 71 72 73 74 75 76 77 78 79 80 81 82 83 84 85 86 87 88 89 90 91 92 93 94 95 96 97 98 99 100 101 102 103 104 105 106 107 108 109 110 111 112 113 114 115 116 117 118 119 120 121 122 123 124 125 126 127 128 129 130 131 132 133 134 135 136 137 138 139 140 141 142 143 144 145 146 147 148 149 150 151 152 153 154 155 156 157 158 159 160 161 162 163 164 165 166 167 168 169 170 171 172 173 174 175 176 177 178 179 180 181 182 183 184 185 186 187 188 189 190 191 192 193 194 195 196 197 198 199 200 201 202 203 204 205 206 207 208 209 210 211 212 213 214 215 216 217 218 219 220 221 222 223 224 225 226 227 228 229 230 231 232 233 234 235 236 237 238 239 240 241 242 243 244 245 246 247 248 249 250 251 252 253 254 255 256 257 258 259 260 261 262 263 264 265 266 267 268 269 270 271 272 273 274 275 276 277 278 279 280 281 282 283 284 285 286 287 288 289 290 291 292 293 294 295 296 297 298 299 300 301 302 303 304 305 306 307 308 309 310 311 312 313 314 315 316 317 318 319 320 321 322 323 324 325 326 327 328 329 330 331 332 333 334 335 336 337 338 339 340 341 342 343 344 345 346 347 348 349 350 351 352 353 354 355 356 357 358 359 360 361 362 363 364 365 366 367 368 369 370 371 372 373 374 375 376 377 378 379 380 381 382 383 384 385 386 387 388 389 390 391 392 393 394 395 396 397 398 399 400 401 402 403 404 405 406 407 408 409 410 411 412 413 414 415 416 417 418 419 420 421 422 423 424 425 426 427 428 429 430 431 432 433 434 435 436 437 438 439 440 441 442 443 444 445 446 447 448 449 450 451 452 453 454 455 456 457 458 459 460 461 462 463 464 465 466 467 468 469 470 471 472 473 474 475 476 477 478 479 480 481 482 483 484 485 486 487 488 489 490 491 492 493 494 495 496 497 498 499 500 501 502 503 504 505 506 507 508 509 510 511 512 513 514 515 516 517 518 519 520 521 522 523 524 525 526 527 528 529 530 531 532 533 534 535 536 537 538 539 540 541 542 543 544 545 546 547 548 549 550 551 552 553 554 555 556 557 558 559 560 561 562 563 564 565 566 567 568 569 570 571 572 573 574 575 576 577 578 579 580 581 582 583 584 585 586 587 588 589 590 591 592 593 594 595 596 597 598 599 600 601 602 603 604 605 606 607 608 609 610 611 612 613 614 615 616 617 618 619 620 621 622 623 624 625 626 627 628 629 630 631 632 633 634 635 636 637 638 639 640 641 642 643 644 645 646 647 648 649 650 651 652 653 654 655 656 657 658 659 660 661 662 663 664 665 666 667 668 669 670 671 672 673 674 675 676 677 678 679 680 681 682 683 684 685 686 687 688 689 690 691 692 693 694 695 696 697 698 699 700 701 702 703 704 705 706 707 708 709 710 711 712 713 714 715 716 717 718 719 720 721 722 723 724 725 726 727 728 729 730 731 732 733 734 735 736 737 738 739 740 741 742 743 744 745 746 747 748 749 750 751 752 753 754 755 756 757 758 759 760 761 762 763 764 765 766 767 768 769 770 771 772 773 774 775 776 777 778 779 780 781 782 783 784 785 786 787 788 789 790 791 792 793 794 795 796 797 798 799 800 801 802 803 804 805 806 807 808 809 810 811 812 813 814 815 816 817 818 819 820 821 822 823 824 825 826 827 828 829 830 831 832 833 834 835 836 837 838 839 840 841 842 843 844 845 846 847 848 849 850 851 852 853 854 855 856 857 858 859 860 861 862 863 864 865 866 867 868 869 870 871 872 873 874 875 876 877 878 879 880 881 882 883 884 885 886 887 888 889 890 891 892 893 894 895 896 897 898 899 900 901 902 903 904 905 906 907 908 909 910 911 912 913 914 915 916 917 918 919 920 921 922 923 924 925 926 927 928 929 930 931 932 933 934 935 936 937 938 939 940 941 942 943 944 945 946 947 948 949 950 951 952 953 954 955 956 957 958 959 960 961 962 963 964 965 966 967 968 969 970 971 972 973 974 975 976 977 978 979 980 981 982 983 984 985 986 987 988 989 990 991 992 993 994 995 996 997 998 999 1000;
set R :=  1 2 3;
set TR := 3;
param ns := 142;
set S[1] := 24 36 65 66 97 107 155 174 279 313 335 384 387 394 413 460 468 511 543 554 557 561 586 615 617 644 659 664 695 748 752 772 845 866 887;
set S[2] := 63 111 119 132 150 170 172 230 547 560 612 628 641 734 736 787 881 987 996;
set S[3] := 7 101 114 115 148 163 176 210 224 345 381 385 446 463 537 540 549 566 570 671 692 705 710 744 757 781 793 801 803 911 920 932 940 950 953 964 986 999;
set S[4] := 147 340 498 672 717 804 890 930 989;
set S[5] := 12 162 241 295 299 341 347 432 433 434 435 461 476 524 530 567 587 605 649 721 758 864 888 892 925 961;
set S[6] := 30 71 113 159 223 256 309 312 327 541 556 579 608 791 796 832 873 984 990 995;
set S[7] := 21 55 61 72 88 89 118 128 129 149 166 179 187 222 280 288 297 300 355 366 367 389 398 462 472 494 521 576 588 593 594 596 597 610 619 629 670 698 712 723 733 739 760 768 770 795 825 844 870 902;
set S[8] := 28 44 64 74 90 122 160 184 188 203 229 249 307 315 321 332 338 410 411 415 445 447 452 489 497 508 518 651 662 694 699 708 774 789 794 805 814 838 861 896 917 931 945;
set S[9] := 2 5 20 22 49 57 178 220 253 329 353 399 453 517 531 583 584 601 625 636 653 683 685 696 800 815 836 895 910;
set S[10] := 31 37 136 142 157 164 234 248 265 289 303 326 377 390 407 553 604 693 799 817 843 894 921 923 963 982 994;
set S[11] := 146 409 622;
set S[12] := 11 82 94 123 175 201 233 305 380 386 408 427 443 499 522 602 643 666 720 725 786 834 842 850 858 872 941 942 970;
set S[13] := 15 69 81 85 116 133 190 251 260 269 298 301 336 359 393 397 412 456 464 477 514 565 572 574 624 646 648 669 674 697 711 729 730 735 779 810 828 846 865 867 900 907 912 913 968 974 978;
set S[14] := 16 27 91 95 103 130 144 156 194 310 328 334 429 431 466 474 483 487 512 532 548 633 654 660 673 677 726 745 809 856 916 918 924 946 973 1000;
set S[15] := 33 50 52 84 86 92 96 140 171 207 209 247 278 294 296 324 348 383 391 423 448 481 501 535 542 546 575 577 592 616 682 688 689 719 727 738 755 756 761 762 773 777 829 840 847 869 875 876 885 934;
set S[16] := 23 124 236 252 284 306 322 349 451 959;
set S[17] := 59 98 127 208 232 273 282 290 337 370 382 396 405 421 482 606 645 790 802;
set S[18] := 3 6 41 56 68 109 177 181 195 199 237 267 271 311 346 358 376 401 430 458 467 516 523 539 562 598 640 642 657 690 743 775 798 816 818 824 833 944 983 991;
set S[19] := 13 25 48 137 138 152 173 189 193 268 274 308 354 363 437 440 504 515 578 621 627 639 656 716 767 769 788 807 822 884 927 972 979 981;
set S[20] := 221 244 485;
set S[21] := 14 35 100 202 205 438 480 486 558 564 581 658 684 750 780 835 877 886 914 951 958 971 975;
set S[22] := 1 34 73 93 102 106 153 198 239 357 374 379 420 450 473 502 559 678 681 714 715 722 751 754 808 848 855 859 908 947 962 977 988;
set S[23] := 26 46 108 330 484 580 967;
set S[24] := 51 110 206 361 392 528 652 753 854 891 901 937 952;
set S[25] := 76 79 225 426 442 491 765;
set S[26] := 54 126 212 449 506 519 599 665 691;
set S[27] := 261 262 439 493 609 626 680 826 862 948;
set S[28] := 9 58 180 263 272 318 356 479 510 590 600 632 831 849 880 905 909 915 992;
set S[29] := 104 231 238 281 316 388 563 623 638 926 928 956 998;
set S[30] := 186 240 488 527 709 746 853;
set S[31] := 8 112 204 211 215 277 292 364 455 534 568 943;
set S[32] := 43 333 400 425;
set S[33] := 47 151 182 216 258 365 406 478 702 740 747 812 839 933 938;
set S[34] := 811 860;
set S[35] := 62 121 183 276 395;
set S[36] := 125 317 350 496;
set S[37] := 17 935;
set S[38] := 53 70 219 304 339 526 571 595 635 700 783 863 871 897 919;
set S[39] := 235 874;
set S[40] := 117 139 167 169 228 293 647 687 827 893 906 960;
set S[41] := 161 287 465 819;
set S[42] := 78 83 120 686 993;
set S[43] := 200 414 668;
set S[44] := 507 618 706 759;
set S[45] := 820 936;
set S[46] := 283 314 404 538 728 852 904;
set S[47] := 360 378 784;
set S[48] := 342 520 655 676;
set S[49] := 637 667;
set S[50] := 158 469 573 965;
set S[51] := 246 475 503 763;
set S[52] := 320 416 607 613 661 764 903;
set S[53] := 226 620;
set S[54] := 29 454 603 939;
set S[55] := 245 841;
set S[56] := 362 369;
set S[57] := 319 545 582 857 949;
set S[58] := 145 737 806;
set S[59] := 611 724;
set S[60] := 4 42 191 250 490 529 552 955 969;
set S[61] := 343 898;
set S[62] := 32 402;
set S[63] := 135 766;
set S[64] := 255 997;
set S[65] := 165 197;
set S[66] := 38 371 899;
set S[67] := 131 264 741 785 813;
set S[68] := 105 192;
set S[69] := 424 544 749 823;
set S[70] := 227 375 589;
set S[71] := 67 954;
set S[72] := 403 457;
set S[73] := 441 663;
set S[74] := 217 368 373 701 732 851;
set S[75] := 99 650;
set S[76] := 882 985;
set S[77] := 771 878 889;
set S[78] := 351 422;
set S[79] := 168 259 495;
set S[80] := 243 966;
set S[81] := 275 500;
set S[82] := 10 929;
set S[83] := 536 883;
set S[84] := 323 419;
set S[85] := 143 509;
set S[86] := 830 868;
set S[87] := 525 634;
set S[88] := 80 614;
set S[89] := 270 792;
set S[90] := 513 713;
set S[91] := 266 436;
set S[92] := 39 797;
set S[93] := 40 134 285 550 976;
set S[94] := 679 742;
set S[95] := 444 957;
set S[96] := 77 718;
set S[97] := 87 630 675;
set S[98] := 45 418;
set S[99] := 154 707 731;
set S[100] := 218 417 533;
set S[101] := 18;
set S[102] := 19;
set S[103] := 60;
set S[104] := 75;
set S[105] := 141;
set S[106] := 185;
set S[107] := 196;
set S[108] := 213;
set S[109] := 214;
set S[110] := 242;
set S[111] := 254;
set S[112] := 257;
set S[113] := 286;
set S[114] := 291;
set S[115] := 302;
set S[116] := 325;
set S[117] := 331;
set S[118] := 344;
set S[119] := 352;
set S[120] := 372;
set S[121] := 428;
set S[122] := 459;
set S[123] := 470;
set S[124] := 471;
set S[125] := 492;
set S[126] := 505;
set S[127] := 551;
set S[128] := 555;
set S[129] := 569;
set S[130] := 585;
set S[131] := 591;
set S[132] := 631;
set S[133] := 703;
set S[134] := 704;
set S[135] := 776;
set S[136] := 778;
set S[137] := 782;
set S[138] := 821;
set S[139] := 837;
set S[140] := 879;
set S[141] := 922;
set S[142] := 980;
param Nei :=
	1 19
	2 32
	3 21
	4 18
	5 8
	6 42
	7 15
	8 22
	9 35
	10 27
	11 28
	12 41
	13 6
	14 2
	15 37
	16 1
	17 14
	18 20
	19 43
	20 13
	21 3
	22 11
	23 26
	24 7
	25 9
	26 10
	27 17
	28 12
	29 45
	30 39
	31 29
	32 38
	33 24
	34 25
	35 33
	36 46
	37 5
	38 16
	39 30
	40 36
	41 31
	42 34
	43 48
	44 23
	45 4
	46 47
	47 49
	48 40
	49 50
	50 44;
param Loc :=
	1 19
	2 32
	3 21
	4 18
	5 8
	6 42
	7 15
	8 22
	9 35
	10 27
	11 28
	12 41
	13 6
	14 2
	15 37
	16 1
	17 14
	18 20
	19 43
	20 13
	21 3
	22 11
	23 26
	24 7
	25 9
	26 10
	27 17
	28 12
	29 45
	30 39
	31 29
	32 38
	33 24
	34 25
	35 33
	36 46
	37 5
	38 16
	39 30
	40 36
	41 31
	42 34
	43 48
	44 23
	45 4
	46 47
	47 49
	48 40
	49 50
	50 44;
param C :  1 2 3 := 
	1 722040 645675 789895
	2 999451 1463305 1504698
	3 3391351 3311862 2530368
	4 3515578 3324216 12247017
	5 2316751 2664501 7198664
	6 1763382 2080478 4084559
	7 6774962 7575371 17188652
	8 3334382 3787382 6746057
	9 2344071 3031239 3573218
	10 2699087 2752092 2715675
	11 1266481 1322589 2475381
	12 2972420 2877021 6716092
	13 4515507 3469213 4667930
	14 2708199 2998999 3354187
	15 3233735 3655313 8642089
	16 3130133 2749485 4797808
	17 4087795 4462350 9561546
	18 1123336 1280490 1839093
	19 5480148 6161339 17813710
	20 3067681 3900141 7812550
	21 4566377 6030697 13558852
	22 2290688 2163690 6594175
	23 6312285 6208914 15886463
	24 3582051 4063741 10194685
	25 2781723 3896484 5446690
	26 3951436 3965388 6206835
	27 2940295 3772766 10030869
	28 2054612 2305403 1587720
	29 3151838 3069141 5083358
	30 1890058 1407046 6550017
	31 2577677 2915979 2725528
	32 2592848 2892767 5459810
	33 4944858 5498738 7857445
	34 4589836 5300611 7772696
	35 3200429 4284410 7481358
	36 3678443 3339267 6466318
	37 3327274 3726170 6572157
	38 1903918 2318013 4600391
	39 6300506 7600754 10262864
	40 2268637 2178102 3581767
	41 1763480 2450071 4712183
	42 3210538 3278564 5896751
	43 3020203 2561585 2247622
	44 2777432 3686835 3565038
	45 1456989 1511427 3116643
	46 3701673 4603258 13786256
	47 3330026 4442417 10565803
	48 6578597 7775116 14119786
	49 3364855 3438706 4977217
	50 2333394 3228337 6850544
;
param SC :  1 2 3 := 
	1 615178 537201 596370
	2 815552 1188203 1364761
	3 2987780 2381228 2186237
	4 3055037 3041657 10703892
	5 1797798 2158245 6291632
	6 1447736 1626933 3243139
	7 5569018 6901162 16157332
	8 3030953 2848111 5120257
	9 1783838 2321929 2712072
	10 2207853 2311757 2131804
	11 1136033 1211491 2294678
	12 2820826 2684260 5204971
	13 3436300 3188206 3725008
	14 1979693 2486170 2656516
	15 3039710 2566029 7432196
	16 2663743 2045616 3425634
	17 3441923 3154881 7496252
	18 1002015 1167806 1511734
	19 4088190 4793521 16388613
	20 2211798 3599830 5882850
	21 3342587 5095938 9694579
	22 2061619 1653059 5209398
	23 4873084 5308621 13551152
	24 2951610 3137208 8145553
	25 2314393 3421112 4891127
	26 3433797 3430060 5840631
	27 2061146 2916348 7653553
	28 1440283 2012616 1438474
	29 2234653 2725397 3807435
	30 1725622 1270562 5279313
	31 1845616 2344447 2436622
	32 1827957 2690273 4782793
	33 4653111 4365997 5845939
	34 4241008 4971973 7003199
	35 2864383 3303280 6673371
	36 3255422 2694788 5205385
	37 2455528 2783448 4633370
	38 1644985 1768643 3574503
	39 4674975 6886283 9513674
	40 2107563 2034347 2560963
	41 1319083 2111961 4358769
	42 2488166 2547444 4210280
	43 2452404 1939119 1607049
	44 2485801 3082194 2991066
	45 1161220 1178913 2184766
	46 2698519 3613557 13083156
	47 2390958 3287388 7543983
	48 5552335 7176432 12467771
	49 3092301 2888513 3882229
	50 2002052 2508417 5870916
;
param Q :  1 2 3 := 
	1 387591 676115 2109406
	2 35574 21914 48459
	3 6429 4024 17106
	4 26208 15870 56732
	5 6207 3893 47798
	6 445432 757086 949382
	7 171832 137485 49123
	8 5133 9876 4656
	9 432634 321637 1415252
	10 3738 1896 2877
	11 477325 297367 2375263
	12 421150 835413 82703
	13 520733 693419 3128983
	14 2031 2921 11233
	15 93834 52762 274566
	16 20352 11061 12532
	17 1011 1104 140
	18 1413 1592 563
	19 1458 783 7986
	20 41310 32662 82182
	21 5001 5409 2845
	22 245051 426219 235501
	23 110239 85591 36861
	24 751804 635527 2496380
	25 500420 271956 67344
	26 4308 6447 22623
	27 8706 10692 2226
	28 34722 37082 31001
	29 2868 2597 9206
	30 32904 43569 249074
	31 149593 182937 54169
	32 1323 1545 362
	33 296735 163871 548905
	34 8142 5550 8973
	35 5016 9648 2361
	36 826331 999955 2774884
	37 22443 11531 87186
	38 5133 7897 8388
	39 942 1360 221
	40 18891 15476 111536
	41 6705 10714 40774
	42 13035 7568 2597
	43 972 567 522
	44 124507 91293 704122
	45 2601 2691 521
	46 14958 11001 93462
	47 2715 3622 772
	48 385941 449108 82359
	49 57147 61707 236967
	50 329544 413481 48843
	51 9999 15611 46107
	52 71802 99957 14054
	53 1509 969 7151
	54 2322 1443 1618
	55 69399 57375 385235
	56 516665 510696 140024
	57 187141 297483 1043184
	58 6942 6515 11408
	59 248615 269952 1150409
	60 5805 10169 4946
	61 7707 5019 7469
	62 6186 7600 10502
	63 16386 21476 6788
	64 127846 152831 107858
	65 566765 391757 544163
	66 756433 1171146 4115716
	67 7326 8855 2845
	68 20547 22614 90654
	69 10935 14475 7906
	70 9171 14046 33155
	71 9759 7997 20733
	72 11124 8877 13571
	73 149698 104255 71520
	74 414871 232267 84755
	75 3618 4564 1512
	76 8352 12593 12996
	77 1410 1451 264
	78 4746 6807 1285
	79 38421 73379 256625
	80 5958 4663 49499
	81 72108 91430 69198
	82 510071 804288 1519108
	83 3363 1978 12126
	84 132154 141342 25723
	85 8214 5050 4301
	86 88875 85189 18462
	87 5757 3934 1692
	88 2466 1453 17763
	89 12954 18807 28856
	90 479200 352076 588910
	91 68517 44397 45935
	92 203882 173838 424351
	93 247775 146212 54447
	94 574703 1106836 250607
	95 95124 93585 125461
	96 9003 17449 20911
	97 663099 522418 246976
	98 238958 456425 41019
	99 981 532 3090
	100 19065 15816 65978
	101 135175 133505 789656
	102 26739 49243 12940
	103 50718 87165 342673
	104 1806 1966 8414
	105 6408 5480 1590
	106 1113 851 365
	107 553682 430782 2545472
	108 15333 21671 4195
	109 22614 22521 6724
	110 4224 6745 7794
	111 158593 120308 516466
	112 80232 100485 125837
	113 3846 2475 22335
	114 74097 93528 107495
	115 66234 112034 39986
	116 68109 99363 211526
	117 5142 9826 1883
	118 22017 17733 8768
	119 157906 282893 169170
	120 1743 2412 6146
	121 9981 12893 3664
	122 341880 570403 2054309
	123 261839 264295 46780
	124 27798 40523 66205
	125 1536 1337 833
	126 3675 4502 1755
	127 778375 761019 6560121
	128 50427 36842 45997
	129 29169 23023 23498
	130 52002 35068 9177
	131 1935 1618 1411
	132 187159 196245 54795
	133 48498 24912 327891
	134 4539 4451 5202
	135 975 1759 1037
	136 69738 81515 9533
	137 96444 57659 411993
	138 116152 147127 449045
	139 1665 1612 10199
	140 199681 121070 88493
	141 5262 10207 1741
	142 90426 154833 128659
	143 4659 2810 15807
	144 6471 10284 39721
	145 1776 1347 2170
	146 4338 7541 7751
	147 480775 324609 144964
	148 107506 101250 31709
	149 46875 52406 28352
	150 116440 173805 831343
	151 1653 1439 239
	152 437500 478495 1923046
	153 18441 21772 12184
	154 6516 5620 17316
	155 874403 646456 2344299
	156 25746 36283 185082
	157 77739 53461 317704
	158 3816 2664 24880
	159 24162 38092 23697
	160 258107 448355 381586
	161 21357 40058 11033
	162 834905 1387679 2776179
	163 218309 278918 60995
	164 189844 367932 433239
	165 4326 3720 3678
	166 16995 13705 10990
	167 5562 2952 19401
	168 1077 681 3768
	169 3330 4502 2869
	170 81585 82264 17074
	171 7218 4519 3274
	172 134413 188871 196371
	173 373887 198525 1826441
	174 670812 1080301 2134533
	175 390450 257464 214751
	176 17481 9846 13610
	177 174718 263069 25700
	178 109480 56073 192490
	179 54201 46253 127775
	180 1545 1904 438
	181 335226 565967 227574
	182 9999 9923 13817
	183 577628 799446 364032
	184 678126 943098 151058
	185 1272 908 8428
	186 4353 5463 2619
	187 85812 123518 12528
	188 137470 73929 802578
	189 46548 87706 6583
	190 101872 63547 19118
	191 2469 2013 7492
	192 1437 808 370
	193 21426 23122 5283
	194 208289 151118 437724
	195 20562 14834 71532
	196 2553 1281 2513
	197 1830 1156 5737
	198 742459 1305869 5019690
	199 20502 18664 4157
	200 1287 2061 6181
	201 359079 668135 797831
	202 4008 3855 1461
	203 229700 161874 263792
	204 14226 12919 81870
	205 15903 15769 9635
	206 21933 12792 3629
	207 16392 12300 41269
	208 415810 338096 1058384
	209 491344 953114 115994
	210 179380 287441 51821
	211 1407 817 9021
	212 4590 4962 963
	213 7971 4687 1300
	214 3342 5675 4697
	215 58104 38727 161842
	216 25659 38875 17432
	217 2538 4496 18592
	218 1275 1139 263
	219 7659 12082 1297
	220 19767 19701 46899
	221 954 1125 5773
	222 17337 17523 15915
	223 13914 13031 42797
	224 155416 151785 946015
	225 4308 8545 667
	226 6915 8102 1261
	227 2052 2231 10200
	228 20217 11550 21011
	229 415573 610844 450682
	230 211178 406756 836587
	231 3018 4912 2870
	232 868658 870010 193755
	233 772828 1155408 378632
	234 81975 109869 118869
	235 1521 1544 1109
	236 1740 1116 2392
	237 49077 54039 32761
	238 1317 1039 3881
	239 382065 271138 1309842
	240 11550 9707 36474
	241 656205 440669 284672
	242 6390 10234 2845
	243 4095 2454 1651
	244 909 882 142
	245 7485 12353 3274
	246 1365 1700 1924
	247 428605 550089 146373
	248 98493 82515 210652
	249 164770 300096 106377
	250 6294 5317 1307
	251 34368 18614 76138
	252 2646 1431 4500
	253 48897 47061 268412
	254 3288 2455 2831
	255 963 1756 2011
	256 19977 12738 6663
	257 1011 1205 4221
	258 4866 3039 8355
	259 1038 672 4110
	260 29775 28663 26008
	261 1791 1643 11270
	262 8379 5103 31719
	263 9306 6244 41189
	264 2211 3325 596
	265 132178 204168 26741
	266 11988 20366 3932
	267 257471 414416 336512
	268 133813 110148 545995
	269 14316 10930 3903
	270 1626 1757 4325
	271 86127 44276 488560
	272 1962 2256 1624
	273 425452 750719 3624169
	274 385740 252042 575061
	275 1182 1899 299
	276 909 712 847
	277 1656 1584 426
	278 87240 172639 512517
	279 742240 635350 3317178
	280 45831 42793 132563
	281 1638 965 623
	282 260531 181584 145839
	283 4305 3367 701
	284 50874 45082 21040
	285 8097 13466 62562
	286 1032 909 5904
	287 10776 6858 17447
	288 8643 15235 23219
	289 204209 128290 1515457
	290 511103 331766 80865
	291 954 1265 413
	292 19143 9832 18772
	293 37623 47264 103828
	294 318162 498899 74215
	295 319560 217147 86915
	296 125968 200664 42443
	297 1866 2281 9777
	298 49179 42300 11299
	299 224018 129120 48299
	300 22440 33276 94166
	301 97782 154146 363985
	302 906 1236 3838
	303 32454 24878 15030
	304 6066 10122 33565
	305 238547 141991 33130
	306 18837 18297 15875
	307 360285 327233 526843
	308 661875 885445 1393209
	309 5358 3079 5001
	310 16971 12046 46075
	311 553214 770693 94751
	312 16431 13842 82572
	313 549863 464293 2178896
	314 2439 1805 485
	315 537491 770162 3024274
	316 2514 1614 2165
	317 5805 5539 1309
	318 14910 9029 78058
	319 10821 18401 34914
	320 1308 715 5311
	321 325488 356147 1426821
	322 3978 4301 3113
	323 15408 21884 24961
	324 47595 85658 15507
	325 963 726 1953
	326 18129 26773 11759
	327 29745 29201 52596
	328 13938 27513 3422
	329 32499 55732 49535
	330 1836 3459 380
	331 2646 1489 14719
	332 242447 205919 399093
	333 2673 1616 1157
	334 104233 150466 33140
	335 552227 891513 136775
	336 6510 10906 7573
	337 54219 101309 113620
	338 481933 906657 3214470
	339 6216 4849 32521
	340 113434 211494 292507
	341 605283 412854 170593
	342 7731 4025 6866
	343 2535 2087 1097
	344 1029 659 7313
	345 150082 168743 293029
	346 10299 8265 13825
	347 508214 630467 78379
	348 134704 156209 63476
	349 1239 2076 4254
	350 1335 1408 2343
	351 76506 125659 12269
	352 1224 1439 4877
	353 6354 3871 7464
	354 301368 198521 57593
	355 26004 15028 5969
	356 5835 10573 10516
	357 668343 607551 186052
	358 11799 10988 7925
	359 6606 7401 23644
	360 1773 2158 1951
	361 1563 966 338
	362 2691 1619 14775
	363 122182 207484 199709
	364 1779 1518 260
	365 14235 20473 6399
	366 35748 21277 9030
	367 45096 78541 17355
	368 4014 4063 21075
	369 1302 2501 2039
	370 298622 359480 619466
	371 2262 4516 1118
	372 1053 546 192
	373 27414 35147 5648
	374 17694 18436 47506
	375 3690 5134 665
	376 97578 153266 107228
	377 14736 8292 10031
	378 2523 2863 2079
	379 64524 124160 25549
	380 265457 134392 48456
	381 257891 165171 116244
	382 192076 170484 560910
	383 141145 246229 216010
	384 499498 323601 3655880
	385 55068 46019 174635
	386 266912 454683 568669
	387 858629 720183 147761
	388 30126 58130 4557
	389 18342 25194 3060
	390 54537 57399 10028
	391 238868 229912 1114621
	392 56952 46748 382773
	393 73548 129491 320060
	394 447985 339194 250793
	395 1407 838 380
	396 227192 144708 94839
	397 11586 9599 4019
	398 33858 27179 7992
	399 20853 18720 4577
	400 1893 953 446
	401 543125 1066736 1154104
	402 1644 1675 3197
	403 1512 1031 2889
	404 7887 6313 50947
	405 659538 486616 139652
	406 10503 12853 4059
	407 156709 84539 24081
	408 204176 303005 368949
	409 9954 6812 6380
	410 78426 51801 387875
	411 35223 69902 37026
	412 35949 20725 17225
	413 518807 418843 422613
	414 7626 14480 19853
	415 166420 109825 38197
	416 3789 7302 2751
	417 1674 1028 824
	418 1305 744 10005
	419 2871 3093 3218
	420 5403 3036 30266
	421 608361 1048736 2204681
	422 1122 791 1377
	423 19638 33706 11032
	424 2265 4087 3434
	425 6378 6167 1705
	426 3120 5241 605
	427 149518 289978 214883
	428 1173 1304 1998
	429 14127 15134 26066
	430 155332 169612 1267377
	431 21987 31887 4345
	432 596603 1002517 3296317
	433 801695 495591 2119329
	434 66252 46709 289527
	435 661044 1021118 3025527
	436 1413 1893 7263
	437 707599 554786 2671400
	438 33750 31570 103611
	439 47868 24170 6647
	440 47181 45013 42478
	441 2370 3418 790
	442 1365 1158 1557
	443 444199 341971 328603
	444 1644 2399 1164
	445 112819 82635 165080
	446 228104 123303 1079047
	447 503876 303682 2092637
	448 21594 18959 4446
	449 19959 21387 5277
	450 62640 67268 9690
	451 213971 178973 45922
	452 131722 87230 149338
	453 99873 73067 36216
	454 2505 1935 4937
	455 2925 3442 7512
	456 112465 77886 38042
	457 1359 752 823
	458 145042 151202 29860
	459 1020 548 162
	460 768985 502380 2332642
	461 676119 1178343 196378
	462 3309 4295 8817
	463 174700 101103 882375
	464 1746 903 374
	465 6654 5233 3548
	466 78030 75555 548180
	467 107593 162910 67078
	468 454303 869586 828474
	469 6666 13168 3349
	470 1023 1519 2875
	471 924 1308 1206
	472 6957 6983 1171
	473 15021 28838 4436
	474 78528 88731 227244
	475 2625 2532 414
	476 491923 680352 1379519
	477 43248 61974 14057
	478 3558 3133 929
	479 9945 11761 26374
	480 13956 9832 39511
	481 179899 135612 1416293
	482 232481 221771 31107
	483 14622 10998 10087
	484 39183 55051 69146
	485 1269 2386 7071
	486 1119 1443 1895
	487 8346 13026 8310
	488 694281 351171 254212
	489 56088 59911 133073
	490 1401 2731 706
	491 8913 9232 6533
	492 951 966 864
	493 1608 841 3123
	494 9330 12736 9890
	495 4971 6977 9153
	496 1491 2484 1102
	497 21003 28756 27551
	498 484858 694062 3263027
	499 406468 470403 75469
	500 1620 1607 2821
	501 11286 20613 4794
	502 93435 49124 24453
	503 1359 868 1223
	504 140380 129943 62727
	505 3219 3493 563
	506 386340 252683 702550
	507 11148 16603 3470
	508 141598 257383 876595
	509 1032 952 3066
	510 3051 4590 1384
	511 595238 314963 1415953
	512 43029 33496 101526
	513 3012 1624 1460
	514 39936 43719 35835
	515 232994 137705 397078
	516 382251 402402 70112
	517 39954 34000 116712
	518 361620 312840 91721
	519 11394 21489 5049
	520 5949 10189 10479
	521 9579 8475 70585
	522 507674 784482 1226825
	523 228449 321797 52804
	524 452770 309170 740732
	525 21486 14269 18620
	526 11280 20082 25680
	527 128311 158162 519076
	528 7251 6007 9319
	529 1932 1464 947
	530 867614 1187903 1830905
	531 14856 12377 81879
	532 2379 2900 11191
	533 1998 2576 16186
	534 3441 6653 1612
	535 52746 45672 43732
	536 2568 2450 6822
	537 166741 179638 401888
	538 2718 3725 2260
	539 95877 63028 26150
	540 161188 163313 102870
	541 15225 27666 2813
	542 313440 543672 250975
	543 817049 859695 4424170
	544 5529 2816 1219
	545 1953 2218 6356
	546 61749 42439 20797
	547 371592 547993 246376
	548 95121 182973 137371
	549 298481 364884 1581175
	550 17700 11592 135450
	551 25455 47312 13916
	552 1848 3561 4963
	553 25176 14440 163179
	554 640986 400761 329406
	555 1383 1307 1009
	556 9174 18154 43230
	557 555539 477672 139984
	558 13377 17743 2624
	559 79173 51907 107246
	560 171661 195298 79126
	561 854021 677140 126303
	562 26655 47191 66055
	563 3249 4906 22588
	564 34938 22075 8243
	565 35400 40831 4979
	566 230381 331402 97041
	567 768427 462249 1752710
	568 14631 11785 12150
	569 1914 3012 5869
	570 597170 565019 1083567
	571 36945 45665 22039
	572 15315 23208 3836
	573 1275 1507 481
	574 32463 50872 13559
	575 2436 3663 10827
	576 14673 14720 26471
	577 454183 842490 280520
	578 96843 74621 453155
	579 1443 1282 4793
	580 62523 116682 430590
	581 7749 4718 17364
	582 1446 1931 5513
	583 59238 88323 167060
	584 17283 27207 2644
	585 1881 1528 4762
	586 874490 632422 4024933
	587 518612 364141 2670045
	588 59952 72505 134108
	589 951 1375 145
	590 8226 4930 2066
	591 1284 896 427
	592 165673 168793 23274
	593 24084 31885 10527
	594 16872 14035 5304
	595 3702 3277 2548
	596 4944 3969 1251
	597 150724 171669 161505
	598 226151 189354 107664
	599 1044 682 3032
	600 966 538 1511
	601 15474 26352 6898
	602 762994 872379 3755426
	603 15294 18881 10140
	604 18513 17858 3872
	605 819494 538961 1167807
	606 788653 759415 4871766
	607 2514 3029 393
	608 3969 5553 2400
	609 37221 24114 99935
	610 11802 19431 3754
	611 12168 8658 19252
	612 315567 462466 365690
	613 3615 2248 862
	614 8922 8626 11466
	615 636594 1187439 348540
	616 214226 119727 55708
	617 665694 667485 4293312
	618 1656 1095 13851
	619 20655 29806 86883
	620 1119 1070 2413
	621 446743 339092 413989
	622 32055 48528 25031
	623 4437 8258 6173
	624 11064 6228 38317
	625 12582 8811 28040
	626 4476 5788 2435
	627 189994 195320 478456
	628 354378 290700 609190
	629 20619 15747 86006
	630 1134 2025 3429
	631 16044 20069 43779
	632 11703 6223 12925
	633 125338 77866 1069132
	634 3606 2331 1195
	635 1593 1444 350
	636 150586 210070 21355
	637 2802 2408 9529
	638 3144 3167 23503
	639 584972 568274 170328
	640 81906 89659 67900
	641 64755 100535 45673
	642 101206 54697 164932
	643 761785 401650 165658
	644 182464 143025 52450
	645 204116 155372 68361
	646 86685 154981 15454
	647 1884 1214 265
	648 17256 13078 119146
	649 588197 411460 1678159
	650 1047 524 3819
	651 103198 96755 264715
	652 14835 27712 6676
	653 10206 16888 10891
	654 59322 72080 165736
	655 1707 1073 952
	656 343635 221021 280129
	657 13023 10429 6237
	658 28368 18140 42099
	659 501965 729565 380400
	660 68538 59648 51679
	661 2838 1687 16511
	662 373260 726327 216588
	663 3714 3626 6155
	664 744013 982862 2975605
	665 6420 7319 1124
	666 668595 1151349 562368
	667 10392 19059 36167
	668 29145 54147 56703
	669 4905 3370 25600
	670 44187 38063 32779
	671 182632 96571 711569
	672 275939 309717 168486
	673 204443 224528 423378
	674 16938 15797 8940
	675 1290 678 645
	676 10752 14513 4585
	677 63165 67436 12907
	678 540443 332355 3064666
	679 2166 3797 716
	680 4707 8541 28234
	681 141049 100828 57583
	682 28146 49104 176692
	683 19191 22135 8775
	684 6048 4680 1553
	685 109756 68446 60477
	686 17826 9534 4489
	687 51465 71283 106300
	688 238247 303022 37280
	689 31614 20480 164196
	690 26874 18974 96084
	691 6135 9388 1197
	692 153172 209952 38255
	693 54090 93311 7218
	694 134416 126659 21549
	695 383646 304158 80838
	696 17859 20904 7202
	697 25986 24320 7138
	698 50322 33699 278362
	699 673476 400540 3541763
	700 4701 5530 1258
	701 6741 5744 41262
	702 6312 8568 2047
	703 7632 10746 6640
	704 2322 3593 10234
	705 45576 25962 31654
	706 1344 1270 299
	707 3438 5599 3246
	708 458059 830466 3349685
	709 5601 10040 1520
	710 158053 251537 767156
	711 17205 9460 58379
	712 32319 52159 10119
	713 5727 4685 31671
	714 15132 11878 19772
	715 13365 9252 3836
	716 179632 198007 57476
	717 408775 341139 119895
	718 3420 3549 762
	719 147394 208011 263227
	720 515105 850887 110307
	721 455509 704348 492829
	722 425782 498259 97798
	723 79470 96357 363524
	724 1074 1518 2601
	725 65253 64274 78271
	726 79140 71364 21586
	727 45774 31365 83661
	728 40998 54376 55424
	729 41838 66894 59176
	730 1050 611 412
	731 8130 7944 8723
	732 2049 1258 2310
	733 29202 18693 13853
	734 126442 116768 17726
	735 44763 49996 41019
	736 65412 90026 39744
	737 1320 1618 2027
	738 25698 46914 142796
	739 93228 55141 662703
	740 1188 743 2449
	741 31323 38051 32703
	742 8196 11646 42177
	743 15966 13574 41310
	744 72207 41754 357965
	745 120604 79611 21463
	746 21645 15479 78248
	747 15408 30321 113053
	748 899255 491764 429061
	749 2193 3257 1276
	750 19056 15144 2586
	751 7092 4139 16323
	752 675447 793404 959400
	753 12927 7364 2192
	754 3765 2096 2147
	755 71304 47351 199091
	756 141112 229859 145210
	757 281948 306689 526391
	758 182662 222898 364241
	759 23841 14386 181340
	760 26151 27085 4197
	761 26163 28170 4538
	762 89262 57312 73094
	763 1539 1994 653
	764 1560 1128 13106
	765 16140 25383 124574
	766 1254 2264 389
	767 163069 183611 449707
	768 121498 111854 127854
	769 610860 944460 247872
	770 70764 52882 182371
	771 2646 1631 10610
	772 713014 843949 781767
	773 32139 16574 5072
	774 193636 238961 82560
	775 14430 16921 109617
	776 2853 4793 2097
	777 244073 447119 972621
	778 16737 19345 60526
	779 16419 23603 56895
	780 3657 2542 27763
	781 161650 196851 64344
	782 6033 4601 2505
	783 5007 2681 2579
	784 18360 24878 21180
	785 8793 5486 28327
	786 699009 1090062 5060777
	787 283595 212013 585332
	788 675453 565795 424512
	789 25725 36024 26773
	790 357657 454312 321657
	791 15486 8539 45787
	792 6411 8001 2523
	793 100996 60396 117593
	794 239612 320239 53187
	795 9981 6176 1989
	796 1185 611 357
	797 28323 32164 27219
	798 418864 390944 532222
	799 51558 54458 9043
	800 116386 79984 50819
	801 82146 162213 70850
	802 589787 774138 638204
	803 27096 53277 3634
	804 205712 115346 232537
	805 179347 304587 336307
	806 4299 4356 14550
	807 704686 377392 870206
	808 296831 195554 48877
	809 71925 63551 15448
	810 12399 6725 10399
	811 1902 2238 1899
	812 9504 9626 28097
	813 954 1677 3016
	814 161116 93267 57570
	815 180781 97479 24915
	816 340506 189927 66566
	817 26784 17059 23940
	818 381093 607435 2145081
	819 1116 635 4393
	820 6894 4374 6183
	821 2973 2028 11478
	822 675969 836705 4981235
	823 4563 8983 2936
	824 110470 61530 17652
	825 33321 19233 4672
	826 1335 1127 4707
	827 4665 2790 7529
	828 9213 16461 39068
	829 51456 63403 291810
	830 1551 1023 306
	831 57792 59345 205734
	832 51138 57898 47665
	833 189988 260993 29961
	834 458053 568323 75327
	835 9060 5765 56181
	836 89040 164429 30954
	837 927 1580 710
	838 116089 104694 92199
	839 48408 36726 368422
	840 32856 34554 33372
	841 10536 8058 17179
	842 263444 413267 796149
	843 112588 58718 324631
	844 46764 34170 83547
	845 765922 1448621 217538
	846 22002 13845 11691
	847 69519 63310 422825
	848 256142 501558 510154
	849 2271 1152 355
	850 375708 300956 838870
	851 9321 16796 3348
	852 4416 4652 26941
	853 2916 2400 595
	854 74874 66123 594505
	855 8829 8929 8820
	856 44925 46222 31306
	857 8844 10805 7563
	858 546488 827594 978734
	859 6192 8974 8308
	860 1233 1099 1087
	861 259070 490389 1615284
	862 3321 6494 969
	863 2898 2381 7753
	864 853211 594437 114266
	865 10086 9359 4558
	866 658056 364318 677236
	867 6114 8075 16245
	868 1089 815 795
	869 19335 10754 49766
	870 26595 16949 12109
	871 2652 2075 3141
	872 340305 345001 664297
	873 20226 13151 77990
	874 1572 980 783
	875 166465 149365 1277698
	876 83148 107576 68649
	877 9918 7740 2364
	878 2346 1270 1401
	879 23568 20484 11639
	880 13782 12730 90269
	881 41085 26925 285807
	882 1464 2268 502
	883 1065 1029 3906
	884 97173 79766 16321
	885 57159 59816 65552
	886 17121 14484 101452
	887 841640 473917 243489
	888 551333 795162 269508
	889 2016 1975 900
	890 225461 163382 168538
	891 181414 91573 372332
	892 521132 621037 474096
	893 6978 5822 22444
	894 276506 292715 1324673
	895 132253 258731 24501
	896 79290 39793 15638
	897 13065 12334 11360
	898 5532 4790 14903
	899 9588 15224 80705
	900 67308 70372 14639
	901 424849 605542 204375
	902 1329 1409 3579
	903 19539 17577 16831
	904 2472 4768 2201
	905 380550 318000 208728
	906 5682 3698 4146
	907 4938 8261 11645
	908 38736 24841 6391
	909 27993 26452 6451
	910 53133 43792 19504
	911 321468 362609 50367
	912 12789 14362 6119
	913 155248 87956 456860
	914 56460 46091 358100
	915 96297 72604 557197
	916 44115 56592 193871
	917 267530 148420 970371
	918 5106 3498 1160
	919 4962 2743 5991
	920 84165 56126 587698
	921 121666 68497 125191
	922 1257 2239 3560
	923 214544 127980 71067
	924 60069 109757 74820
	925 378213 379801 595941
	926 975 645 3195
	927 51921 45407 183466
	928 42792 28892 39842
	929 1197 1573 3904
	930 150895 151239 437280
	931 188224 373076 423906
	932 207386 108409 355083
	933 1113 1534 250
	934 53178 59413 383543
	935 3804 2084 3215
	936 2502 3323 415
	937 1659 1072 1967
	938 26364 40973 57025
	939 1650 2657 699
	940 122554 141989 567512
	941 441241 229686 79987
	942 354870 263151 71407
	943 1836 936 5169
	944 599864 472444 3669126
	945 272630 300108 43629
	946 17823 9640 2542
	947 26769 42680 20853
	948 6510 6826 13716
	949 19644 10917 45874
	950 298289 277083 145770
	951 6129 3392 7818
	952 3354 2746 659
	953 199954 223135 59265
	954 1494 767 589
	955 1671 1729 3420
	956 16818 10210 4706
	957 2901 4450 6555
	958 4254 3466 18649
	959 2220 1635 952
	960 939 1581 1675
	961 756886 389893 229002
	962 570800 788932 1363032
	963 342891 202542 1753556
	964 357498 595662 2601997
	965 4137 5796 8692
	966 939 672 7945
	967 19029 32564 17010
	968 97980 161007 58916
	969 1455 2463 351
	970 142036 75536 291948
	971 9876 9128 1482
	972 81804 44298 311230
	973 3894 6251 1087
	974 55953 58308 13851
	975 4311 6506 792
	976 2010 1195 6385
	977 21369 36687 10039
	978 13392 12890 19407
	979 497716 601545 376314
	980 16029 15061 9248
	981 414946 214780 1232985
	982 168922 202966 650862
	983 17526 20392 9492
	984 14538 10677 52115
	985 7260 5641 3875
	986 19080 38033 2958
	987 187387 276700 48593
	988 335433 484170 505735
	989 416500 268042 181294
	990 25887 23204 52433
	991 23610 42506 23679
	992 17343 13157 4107
	993 49845 87500 271430
	994 143413 103641 130755
	995 35358 24733 35307
	996 98472 111568 591198
	997 1854 1788 3242
	998 12729 14913 23660
	999 363774 369382 55514
	1000 20106 10202 7653
;
param nb := 1;
param B1 := 1 1;
param B2 := 1 2;
param B3 := 1 2;
set Dep[1] := 15;
set Dep[2] := 7 15;
set Dep[3] := 7 15;
set Dep[4] := 7 13;
set Dep[5] := 7;
set Dep[6] := 7;
set Dep[7] := 15;
set Dep[8] := 7 15;
set Dep[9] := 15;
set Dep[10] := 7 15;
set Dep[11] := 1 7 15 18 21;
set Dep[12] := 7;
set Dep[13] := 7 15;
set Dep[14] :=;
set Dep[15] :=;
set Dep[16] := 7 15;
set Dep[17] := 7;
set Dep[18] :=;
set Dep[19] :=;
set Dep[20] := 3 12 13 15;
set Dep[21] := 7;
set Dep[22] :=;
set Dep[23] := 7 13 15 19;
set Dep[24] := 15;
set Dep[25] := 7 15;
set Dep[26] :=;
set Dep[27] := 8;
set Dep[28] := 7;
set Dep[29] := 7;
set Dep[30] := 7;
set Dep[31] := 7;
set Dep[32] := 7 13 15 18;
set Dep[33] := 7 15;
set Dep[34] := 9 15;
set Dep[35] := 7 8;
set Dep[36] := 3 8 13;
set Dep[37] := 3 7 8 14 17;
set Dep[38] := 7 13;
set Dep[39] := 3 7 8 15;
set Dep[40] := 15;
set Dep[41] := 7;
set Dep[42] :=;
set Dep[43] := 1 7 15;
set Dep[44] := 8 15 18;
set Dep[45] := 7 9 14;
set Dep[46] := 15;
set Dep[47] := 3 7 8 12 13 21;
set Dep[48] := 7 8 12 13 14 15;
set Dep[49] := 13 15 18 19 27;
set Dep[50] := 13 18;
set Dep[51] := 3 7 15;
set Dep[52] :=;
set Dep[53] := 1 5 7 13 22 38 61;
set Dep[54] :=;
set Dep[55] := 3 7 9 14 18 21;
set Dep[56] := 1 9 15 19;
set Dep[57] := 7 8;
set Dep[58] := 7 8 12 15;
set Dep[59] := 13;
set Dep[60] := 3 7 15;
set Dep[61] := 7 8 13;
set Dep[62] := 3 5 7 13 15 22 33 40;
set Dep[63] := 1 15 74;
set Dep[64] := 1 7 12 22 33 38;
set Dep[65] := 7 8 14 15 19 21 29;
set Dep[66] := 19;
set Dep[67] := 3 7;
set Dep[68] := 8 12 13 15 19;
set Dep[69] := 1 14;
set Dep[70] := 2 13 14 15 22;
set Dep[71] := 15 19 24;
set Dep[72] := 3 7 12 17 19 29;
set Dep[73] := 6 9 77;
set Dep[74] := 7 15;
set Dep[75] := 1 3 7 12 18 38;
set Dep[76] := 2 5 15 60;
set Dep[77] := 9 15;
set Dep[78] := 1 14 15;
set Dep[79] := 1 7 12 22;
set Dep[80] := 1 13 14 15 18 21;
set Dep[81] := 1 3 7 9 15;
set Dep[82] := 3 5 18 60;
set Dep[83] := 1 11 12 13 15 19 21 38;
set Dep[84] := 7 15;
set Dep[85] := 1 8 9 13 33 42;
set Dep[86] := 3 8 13 15 17 18;
set Dep[87] := 1 13 22 46;
set Dep[88] := 13;
set Dep[89] := 1 10 15 19 22 33 74;
set Dep[90] := 3 14;
set Dep[91] := 3 13;
set Dep[92] := 1 15 22 30;
set Dep[93] := 7 15;
set Dep[94] := 7 14 15 22;
set Dep[95] := 3 7 9 13 14 15 19 28;
set Dep[96] := 3 8 10 12 13 19;
set Dep[97] := 7 10 15 18 19;
set Dep[98] := 1 3 7 10 13 18 19;
set Dep[99] := 3 9;
set Dep[100] := 7 13 19;
set Dep[101] :=;
set Dep[102] :=;
set Dep[103] :=;
set Dep[104] :=;
set Dep[105] :=;
set Dep[106] :=;
set Dep[107] :=;
set Dep[108] :=;
set Dep[109] :=;
set Dep[110] :=;
set Dep[111] :=;
set Dep[112] :=;
set Dep[113] :=;
set Dep[114] :=;
set Dep[115] :=;
set Dep[116] :=;
set Dep[117] :=;
set Dep[118] :=;
set Dep[119] :=;
set Dep[120] :=;
set Dep[121] :=;
set Dep[122] :=;
set Dep[123] :=;
set Dep[124] :=;
set Dep[125] :=;
set Dep[126] :=;
set Dep[127] :=;
set Dep[128] :=;
set Dep[129] :=;
set Dep[130] :=;
set Dep[131] :=;
set Dep[132] :=;
set Dep[133] :=;
set Dep[134] :=;
set Dep[135] :=;
set Dep[136] :=;
set Dep[137] :=;
set Dep[138] :=;
set Dep[139] :=;
set Dep[140] :=;
set Dep[141] :=;
set Dep[142] :=;
param spread := 
	1 10
	2 15
	3 37
	4 1
	5 22
	6 4
	7 27
	8 16
	9 4
	10 9
	11 2
	12 25
	13 3
	14 14
	15 36
	16 1
	17 4
	18 0
	19 24
	20 1
	21 9
	22 24
	23 5
	24 8
	25 2
	26 7
	27 6
	28 17
	29 8
	30 1
	31 7
	32 3
	33 5
	34 0
	35 0
	36 2
	37 1
	38 10
	39 1
	40 2
	41 3
	42 2
	43 0
	44 3
	45 0
	46 2
	47 2
	48 2
	49 1
	50 0
	51 0
	52 1
	53 1
	54 0
	55 1
	56 1
	57 3
	58 2
	59 0
	60 7
	61 0
	62 1
	63 0
	64 1
	65 0
	66 1
	67 2
	68 0
	69 3
	70 0
	71 0
	72 1
	73 0
	74 4
	75 1
	76 1
	77 0
	78 0
	79 2
	80 0
	81 1
	82 1
	83 1
	84 1
	85 0
	86 0
	87 1
	88 0
	89 0
	90 1
	91 0
	92 0
	93 1
	94 0
	95 1
	96 0
	97 0
	98 0
	99 2
	100 0
	101 0
	102 0
	103 0
	104 0
	105 0
	106 0
	107 0
	108 0
	109 0
	110 0
	111 0
	112 0
	113 0
	114 0
	115 0
	116 0
	117 0
	118 0
	119 0
	120 0
	121 0
	122 0
	123 0
	124 0
	125 0
	126 0
	127 0
	128 0
	129 0
	130 0
	131 0
	132 0
	133 0
	134 0
	135 0
	136 0
	137 0
	138 0
	139 0
	140 0
	141 0
	142 0
;
param PMC := 
	1 1	2 1	3 1	4 1	5 1	6 1	7 1	8 1	9 1	10 1	11 1	12 1	13 1	14 1	15 1	16 1	17 1	18 1	19 1	20 1	21 1	22 1	23 1	24 1	25 1	26 1	27 1	28 1	29 1	30 1	31 1	32 1	33 1	34 1	35 1	36 1	37 1	38 1	39 1	40 1	41 1	42 1	43 1	44 1	45 1	46 1	47 1	48 1	49 1	50 1	51 1	52 1	53 1	54 1	55 1	56 1	57 1	58 1	59 1	60 1	61 1	62 1	63 1	64 1	65 1	66 1	67 1	68 1	69 1	70 1	71 1	72 1	73 1	74 1	75 1	76 1	77 1	78 1	79 1	80 1	81 1	82 1	83 1	84 1	85 1	86 1	87 1	88 1	89 1	90 1	91 1	92 1	93 1	94 1	95 1	96 1	97 1	98 1	99 1	100 1	101 1	102 1	103 1	104 1	105 1	106 1	107 1	108 1	109 1	110 1	111 1	112 1	113 1	114 1	115 1	116 1	117 1	118 1	119 1	120 1	121 1	122 1	123 1	124 1	125 1	126 1	127 1	128 1	129 1	130 1	131 1	132 1	133 1	134 1	135 1	136 1	137 1	138 1	139 1	140 1	141 1	142 1	143 1	144 1	145 1	146 1	147 1	148 1	149 1	150 1	151 1	152 1	153 1	154 1	155 1	156 1	157 1	158 1	159 1	160 1	161 1	162 1	163 1	164 1	165 1	166 1	167 1	168 1	169 1	170 1	171 1	172 1	173 1	174 1	175 1	176 1	177 1	178 1	179 1	180 1	181 1	182 1	183 1	184 1	185 1	186 1	187 1	188 1	189 1	190 1	191 1	192 1	193 1	194 1	195 1	196 1	197 1	198 1	199 1	200 1	201 1	202 1	203 1	204 1	205 1	206 1	207 1	208 1	209 1	210 1	211 1	212 1	213 1	214 1	215 1	216 1	217 1	218 1	219 1	220 1	221 1	222 1	223 1	224 1	225 1	226 1	227 1	228 1	229 1	230 1	231 1	232 1	233 1	234 1	235 1	236 1	237 1	238 1	239 1	240 1	241 1	242 1	243 1	244 1	245 1	246 1	247 1	248 1	249 1	250 1	251 1	252 1	253 1	254 1	255 1	256 1	257 1	258 1	259 1	260 1	261 1	262 1	263 1	264 1	265 1	266 1	267 1	268 1	269 1	270 1	271 1	272 1	273 1	274 1	275 1	276 1	277 1	278 1	279 1	280 1	281 1	282 1	283 1	284 1	285 1	286 1	287 1	288 1	289 1	290 1	291 1	292 1	293 1	294 1	295 1	296 1	297 1	298 1	299 1	300 1	301 1	302 1	303 1	304 1	305 1	306 1	307 1	308 1	309 1	310 1	311 1	312 1	313 1	314 1	315 1	316 1	317 1	318 1	319 1	320 1	321 1	322 1	323 1	324 1	325 1	326 1	327 1	328 1	329 1	330 1	331 1	332 1	333 1	334 1	335 1	336 1	337 1	338 1	339 1	340 1	341 1	342 1	343 1	344 1	345 1	346 1	347 1	348 1	349 1	350 1	351 1	352 1	353 1	354 1	355 1	356 1	357 1	358 1	359 1	360 1	361 1	362 1	363 1	364 1	365 1	366 1	367 1	368 1	369 1	370 1	371 1	372 1	373 1	374 1	375 1	376 1	377 1	378 1	379 1	380 1	381 1	382 1	383 1	384 1	385 1	386 1	387 1	388 1	389 1	390 1	391 1	392 1	393 1	394 1	395 1	396 1	397 1	398 1	399 1	400 1	401 1	402 1	403 1	404 1	405 1	406 1	407 1	408 1	409 1	410 1	411 1	412 1	413 1	414 1	415 1	416 1	417 1	418 1	419 1	420 1	421 1	422 1	423 1	424 1	425 1	426 1	427 1	428 1	429 1	430 1	431 1	432 1	433 1	434 1	435 1	436 1	437 1	438 1	439 1	440 1	441 1	442 1	443 1	444 1	445 1	446 1	447 1	448 1	449 1	450 1	451 1	452 1	453 1	454 1	455 1	456 1	457 1	458 1	459 1	460 1	461 1	462 1	463 1	464 1	465 1	466 1	467 1	468 1	469 1	470 1	471 1	472 1	473 1	474 1	475 1	476 1	477 1	478 1	479 1	480 1	481 1	482 1	483 1	484 1	485 1	486 1	487 1	488 1	489 1	490 1	491 1	492 1	493 1	494 1	495 1	496 1	497 1	498 1	499 1	500 1	501 1	502 1	503 1	504 1	505 1	506 1	507 1	508 1	509 1	510 1	511 1	512 1	513 1	514 1	515 1	516 1	517 1	518 1	519 1	520 1	521 1	522 1	523 1	524 1	525 1	526 1	527 1	528 1	529 1	530 1	531 1	532 1	533 1	534 1	535 1	536 1	537 1	538 1	539 1	540 1	541 1	542 1	543 1	544 1	545 1	546 1	547 1	548 1	549 1	550 1	551 1	552 1	553 1	554 1	555 1	556 1	557 1	558 1	559 1	560 1	561 1	562 1	563 1	564 1	565 1	566 1	567 1	568 1	569 1	570 1	571 1	572 1	573 1	574 1	575 1	576 1	577 1	578 1	579 1	580 1	581 1	582 1	583 1	584 1	585 1	586 1	587 1	588 1	589 1	590 1	591 1	592 1	593 1	594 1	595 1	596 1	597 1	598 1	599 1	600 1	601 1	602 1	603 1	604 1	605 1	606 1	607 1	608 1	609 1	610 1	611 1	612 1	613 1	614 1	615 1	616 1	617 1	618 1	619 1	620 1	621 1	622 1	623 1	624 1	625 1	626 1	627 1	628 1	629 1	630 1	631 1	632 1	633 1	634 1	635 1	636 1	637 1	638 1	639 1	640 1	641 1	642 1	643 1	644 1	645 1	646 1	647 1	648 1	649 1	650 1	651 1	652 1	653 1	654 1	655 1	656 1	657 1	658 1	659 1	660 1	661 1	662 1	663 1	664 1	665 1	666 1	667 1	668 1	669 1	670 1	671 1	672 1	673 1	674 1	675 1	676 1	677 1	678 1	679 1	680 1	681 1	682 1	683 1	684 1	685 1	686 1	687 1	688 1	689 1	690 1	691 1	692 1	693 1	694 1	695 1	696 1	697 1	698 1	699 1	700 1	701 1	702 1	703 1	704 1	705 1	706 1	707 1	708 1	709 1	710 1	711 1	712 1	713 1	714 1	715 1	716 1	717 1	718 1	719 1	720 1	721 1	722 1	723 1	724 1	725 1	726 1	727 1	728 1	729 1	730 1	731 1	732 1	733 1	734 1	735 1	736 1	737 1	738 1	739 1	740 1	741 1	742 1	743 1	744 1	745 1	746 1	747 1	748 1	749 1	750 1	751 1	752 1	753 1	754 1	755 1	756 1	757 1	758 1	759 1	760 1	761 1	762 1	763 1	764 1	765 1	766 1	767 1	768 1	769 1	770 1	771 1	772 1	773 1	774 1	775 1	776 1	777 1	778 1	779 1	780 1	781 1	782 1	783 1	784 1	785 1	786 1	787 1	788 1	789 1	790 1	791 1	792 1	793 1	794 1	795 1	796 1	797 1	798 1	799 1	800 1	801 1	802 1	803 1	804 1	805 1	806 1	807 1	808 1	809 1	810 1	811 1	812 1	813 1	814 1	815 1	816 1	817 1	818 1	819 1	820 1	821 1	822 1	823 1	824 1	825 1	826 1	827 1	828 1	829 1	830 1	831 1	832 1	833 1	834 1	835 1	836 1	837 1	838 1	839 1	840 1	841 1	842 1	843 1	844 1	845 1	846 1	847 1	848 1	849 1	850 1	851 1	852 1	853 1	854 1	855 1	856 1	857 1	858 1	859 1	860 1	861 1	862 1	863 1	864 1	865 1	866 1	867 1	868 1	869 1	870 1	871 1	872 1	873 1	874 1	875 1	876 1	877 1	878 1	879 1	880 1	881 1	882 1	883 1	884 1	885 1	886 1	887 1	888 1	889 1	890 1	891 1	892 1	893 1	894 1	895 1	896 1	897 1	898 1	899 1	900 1	901 1	902 1	903 1	904 1	905 1	906 1	907 1	908 1	909 1	910 1	911 1	912 1	913 1	914 1	915 1	916 1	917 1	918 1	919 1	920 1	921 1	922 1	923 1	924 1	925 1	926 1	927 1	928 1	929 1	930 1	931 1	932 1	933 1	934 1	935 1	936 1	937 1	938 1	939 1	940 1	941 1	942 1	943 1	944 1	945 1	946 1	947 1	948 1	949 1	950 1	951 1	952 1	953 1	954 1	955 1	956 1	957 1	958 1	959 1	960 1	961 1	962 1	963 1	964 1	965 1	966 1	967 1	968 1	969 1	970 1	971 1	972 1	973 1	974 1	975 1	976 1	977 1	978 1	979 1	980 1	981 1	982 1	983 1	984 1	985 1	986 1	987 1	988 1	989 1	990 1	991 1	992 1	993 1	994 1	995 1	996 1	997 1	998 1	999 1	1000 1;
param MMC : 1 2 3 4 5 6 7 8 9 10 11 12 13 14 15 16 17 18 19 20 21 22 23 24 25 26 27 28 29 30 31 32 33 34 35 36 37 38 39 40 41 42 43 44 45 46 47 48 49 50 := 
	1 0 2 2 2 2 2 2 2 2 2 2 2 2 2 2 2 2 2 2 2 2 2 2 2 2 2 2 2 2 2 2 2 2 2 2 2 2 2 2 2 2 2 2 2 2 2 2 2 2 2
	2 2 0 2 2 2 2 2 2 2 2 2 2 2 2 2 2 2 2 2 2 2 2 2 2 2 2 2 2 2 2 2 2 2 2 2 2 2 2 2 2 2 2 2 2 2 2 2 2 2 2
	3 2 2 0 2 2 2 2 2 2 2 2 2 2 2 2 2 2 2 2 2 2 2 2 2 2 2 2 2 2 2 2 2 2 2 2 2 2 2 2 2 2 2 2 2 2 2 2 2 2 2
	4 2 2 2 0 2 2 2 2 2 2 2 2 2 2 2 2 2 2 2 2 2 2 2 2 2 2 2 2 2 2 2 2 2 2 2 2 2 2 2 2 2 2 2 2 2 2 2 2 2 2
	5 2 2 2 2 0 2 2 2 2 2 2 2 2 2 2 2 2 2 2 2 2 2 2 2 2 2 2 2 2 2 2 2 2 2 2 2 2 2 2 2 2 2 2 2 2 2 2 2 2 2
	6 2 2 2 2 2 0 2 2 2 2 2 2 2 2 2 2 2 2 2 2 2 2 2 2 2 2 2 2 2 2 2 2 2 2 2 2 2 2 2 2 2 2 2 2 2 2 2 2 2 2
	7 2 2 2 2 2 2 0 2 2 2 2 2 2 2 2 2 2 2 2 2 2 2 2 2 2 2 2 2 2 2 2 2 2 2 2 2 2 2 2 2 2 2 2 2 2 2 2 2 2 2
	8 2 2 2 2 2 2 2 0 2 2 2 2 2 2 2 2 2 2 2 2 2 2 2 2 2 2 2 2 2 2 2 2 2 2 2 2 2 2 2 2 2 2 2 2 2 2 2 2 2 2
	9 2 2 2 2 2 2 2 2 0 2 2 2 2 2 2 2 2 2 2 2 2 2 2 2 2 2 2 2 2 2 2 2 2 2 2 2 2 2 2 2 2 2 2 2 2 2 2 2 2 2
	10 2 2 2 2 2 2 2 2 2 0 2 2 2 2 2 2 2 2 2 2 2 2 2 2 2 2 2 2 2 2 2 2 2 2 2 2 2 2 2 2 2 2 2 2 2 2 2 2 2 2
	11 2 2 2 2 2 2 2 2 2 2 0 2 2 2 2 2 2 2 2 2 2 2 2 2 2 2 2 2 2 2 2 2 2 2 2 2 2 2 2 2 2 2 2 2 2 2 2 2 2 2
	12 2 2 2 2 2 2 2 2 2 2 2 0 2 2 2 2 2 2 2 2 2 2 2 2 2 2 2 2 2 2 2 2 2 2 2 2 2 2 2 2 2 2 2 2 2 2 2 2 2 2
	13 2 2 2 2 2 2 2 2 2 2 2 2 0 2 2 2 2 2 2 2 2 2 2 2 2 2 2 2 2 2 2 2 2 2 2 2 2 2 2 2 2 2 2 2 2 2 2 2 2 2
	14 2 2 2 2 2 2 2 2 2 2 2 2 2 0 2 2 2 2 2 2 2 2 2 2 2 2 2 2 2 2 2 2 2 2 2 2 2 2 2 2 2 2 2 2 2 2 2 2 2 2
	15 2 2 2 2 2 2 2 2 2 2 2 2 2 2 0 2 2 2 2 2 2 2 2 2 2 2 2 2 2 2 2 2 2 2 2 2 2 2 2 2 2 2 2 2 2 2 2 2 2 2
	16 2 2 2 2 2 2 2 2 2 2 2 2 2 2 2 0 2 2 2 2 2 2 2 2 2 2 2 2 2 2 2 2 2 2 2 2 2 2 2 2 2 2 2 2 2 2 2 2 2 2
	17 2 2 2 2 2 2 2 2 2 2 2 2 2 2 2 2 0 2 2 2 2 2 2 2 2 2 2 2 2 2 2 2 2 2 2 2 2 2 2 2 2 2 2 2 2 2 2 2 2 2
	18 2 2 2 2 2 2 2 2 2 2 2 2 2 2 2 2 2 0 2 2 2 2 2 2 2 2 2 2 2 2 2 2 2 2 2 2 2 2 2 2 2 2 2 2 2 2 2 2 2 2
	19 2 2 2 2 2 2 2 2 2 2 2 2 2 2 2 2 2 2 0 2 2 2 2 2 2 2 2 2 2 2 2 2 2 2 2 2 2 2 2 2 2 2 2 2 2 2 2 2 2 2
	20 2 2 2 2 2 2 2 2 2 2 2 2 2 2 2 2 2 2 2 0 2 2 2 2 2 2 2 2 2 2 2 2 2 2 2 2 2 2 2 2 2 2 2 2 2 2 2 2 2 2
	21 2 2 2 2 2 2 2 2 2 2 2 2 2 2 2 2 2 2 2 2 0 2 2 2 2 2 2 2 2 2 2 2 2 2 2 2 2 2 2 2 2 2 2 2 2 2 2 2 2 2
	22 2 2 2 2 2 2 2 2 2 2 2 2 2 2 2 2 2 2 2 2 2 0 2 2 2 2 2 2 2 2 2 2 2 2 2 2 2 2 2 2 2 2 2 2 2 2 2 2 2 2
	23 2 2 2 2 2 2 2 2 2 2 2 2 2 2 2 2 2 2 2 2 2 2 0 2 2 2 2 2 2 2 2 2 2 2 2 2 2 2 2 2 2 2 2 2 2 2 2 2 2 2
	24 2 2 2 2 2 2 2 2 2 2 2 2 2 2 2 2 2 2 2 2 2 2 2 0 2 2 2 2 2 2 2 2 2 2 2 2 2 2 2 2 2 2 2 2 2 2 2 2 2 2
	25 2 2 2 2 2 2 2 2 2 2 2 2 2 2 2 2 2 2 2 2 2 2 2 2 0 2 2 2 2 2 2 2 2 2 2 2 2 2 2 2 2 2 2 2 2 2 2 2 2 2
	26 2 2 2 2 2 2 2 2 2 2 2 2 2 2 2 2 2 2 2 2 2 2 2 2 2 0 2 2 2 2 2 2 2 2 2 2 2 2 2 2 2 2 2 2 2 2 2 2 2 2
	27 2 2 2 2 2 2 2 2 2 2 2 2 2 2 2 2 2 2 2 2 2 2 2 2 2 2 0 2 2 2 2 2 2 2 2 2 2 2 2 2 2 2 2 2 2 2 2 2 2 2
	28 2 2 2 2 2 2 2 2 2 2 2 2 2 2 2 2 2 2 2 2 2 2 2 2 2 2 2 0 2 2 2 2 2 2 2 2 2 2 2 2 2 2 2 2 2 2 2 2 2 2
	29 2 2 2 2 2 2 2 2 2 2 2 2 2 2 2 2 2 2 2 2 2 2 2 2 2 2 2 2 0 2 2 2 2 2 2 2 2 2 2 2 2 2 2 2 2 2 2 2 2 2
	30 2 2 2 2 2 2 2 2 2 2 2 2 2 2 2 2 2 2 2 2 2 2 2 2 2 2 2 2 2 0 2 2 2 2 2 2 2 2 2 2 2 2 2 2 2 2 2 2 2 2
	31 2 2 2 2 2 2 2 2 2 2 2 2 2 2 2 2 2 2 2 2 2 2 2 2 2 2 2 2 2 2 0 2 2 2 2 2 2 2 2 2 2 2 2 2 2 2 2 2 2 2
	32 2 2 2 2 2 2 2 2 2 2 2 2 2 2 2 2 2 2 2 2 2 2 2 2 2 2 2 2 2 2 2 0 2 2 2 2 2 2 2 2 2 2 2 2 2 2 2 2 2 2
	33 2 2 2 2 2 2 2 2 2 2 2 2 2 2 2 2 2 2 2 2 2 2 2 2 2 2 2 2 2 2 2 2 0 2 2 2 2 2 2 2 2 2 2 2 2 2 2 2 2 2
	34 2 2 2 2 2 2 2 2 2 2 2 2 2 2 2 2 2 2 2 2 2 2 2 2 2 2 2 2 2 2 2 2 2 0 2 2 2 2 2 2 2 2 2 2 2 2 2 2 2 2
	35 2 2 2 2 2 2 2 2 2 2 2 2 2 2 2 2 2 2 2 2 2 2 2 2 2 2 2 2 2 2 2 2 2 2 0 2 2 2 2 2 2 2 2 2 2 2 2 2 2 2
	36 2 2 2 2 2 2 2 2 2 2 2 2 2 2 2 2 2 2 2 2 2 2 2 2 2 2 2 2 2 2 2 2 2 2 2 0 2 2 2 2 2 2 2 2 2 2 2 2 2 2
	37 2 2 2 2 2 2 2 2 2 2 2 2 2 2 2 2 2 2 2 2 2 2 2 2 2 2 2 2 2 2 2 2 2 2 2 2 0 2 2 2 2 2 2 2 2 2 2 2 2 2
	38 2 2 2 2 2 2 2 2 2 2 2 2 2 2 2 2 2 2 2 2 2 2 2 2 2 2 2 2 2 2 2 2 2 2 2 2 2 0 2 2 2 2 2 2 2 2 2 2 2 2
	39 2 2 2 2 2 2 2 2 2 2 2 2 2 2 2 2 2 2 2 2 2 2 2 2 2 2 2 2 2 2 2 2 2 2 2 2 2 2 0 2 2 2 2 2 2 2 2 2 2 2
	40 2 2 2 2 2 2 2 2 2 2 2 2 2 2 2 2 2 2 2 2 2 2 2 2 2 2 2 2 2 2 2 2 2 2 2 2 2 2 2 0 2 2 2 2 2 2 2 2 2 2
	41 2 2 2 2 2 2 2 2 2 2 2 2 2 2 2 2 2 2 2 2 2 2 2 2 2 2 2 2 2 2 2 2 2 2 2 2 2 2 2 2 0 2 2 2 2 2 2 2 2 2
	42 2 2 2 2 2 2 2 2 2 2 2 2 2 2 2 2 2 2 2 2 2 2 2 2 2 2 2 2 2 2 2 2 2 2 2 2 2 2 2 2 2 0 2 2 2 2 2 2 2 2
	43 2 2 2 2 2 2 2 2 2 2 2 2 2 2 2 2 2 2 2 2 2 2 2 2 2 2 2 2 2 2 2 2 2 2 2 2 2 2 2 2 2 2 0 2 2 2 2 2 2 2
	44 2 2 2 2 2 2 2 2 2 2 2 2 2 2 2 2 2 2 2 2 2 2 2 2 2 2 2 2 2 2 2 2 2 2 2 2 2 2 2 2 2 2 2 0 2 2 2 2 2 2
	45 2 2 2 2 2 2 2 2 2 2 2 2 2 2 2 2 2 2 2 2 2 2 2 2 2 2 2 2 2 2 2 2 2 2 2 2 2 2 2 2 2 2 2 2 0 2 2 2 2 2
	46 2 2 2 2 2 2 2 2 2 2 2 2 2 2 2 2 2 2 2 2 2 2 2 2 2 2 2 2 2 2 2 2 2 2 2 2 2 2 2 2 2 2 2 2 2 0 2 2 2 2
	47 2 2 2 2 2 2 2 2 2 2 2 2 2 2 2 2 2 2 2 2 2 2 2 2 2 2 2 2 2 2 2 2 2 2 2 2 2 2 2 2 2 2 2 2 2 2 0 2 2 2
	48 2 2 2 2 2 2 2 2 2 2 2 2 2 2 2 2 2 2 2 2 2 2 2 2 2 2 2 2 2 2 2 2 2 2 2 2 2 2 2 2 2 2 2 2 2 2 2 0 2 2
	49 2 2 2 2 2 2 2 2 2 2 2 2 2 2 2 2 2 2 2 2 2 2 2 2 2 2 2 2 2 2 2 2 2 2 2 2 2 2 2 2 2 2 2 2 2 2 2 2 0 2
	50 2 2 2 2 2 2 2 2 2 2 2 2 2 2 2 2 2 2 2 2 2 2 2 2 2 2 2 2 2 2 2 2 2 2 2 2 2 2 2 2 2 2 2 2 2 2 2 2 2 0
;
param Lw :=
	1 10
	2 10
	3 10
;
param Bw :=
 1 10;
param Pw := 1;
param Sw := 10;
param Mw := 100;
param x0 := 
	1 7
	2 49
	3 35
	4 19
	5 2
	6 27
	7 17
	8 21
	9 23
	10 48
	11 17
	12 15
	13 46
	14 50
	15 24
	16 5
	17 35
	18 24
	19 24
	20 32
	21 41
	22 23
	23 16
	24 26
	25 12
	26 3
	27 50
	28 42
	29 37
	30 29
	31 13
	32 39
	33 4
	34 36
	35 35
	36 24
	37 2
	38 16
	39 16
	40 13
	41 49
	42 48
	43 25
	44 15
	45 12
	46 33
	47 15
	48 17
	49 38
	50 12
	51 5
	52 43
	53 20
	54 20
	55 21
	56 48
	57 48
	58 37
	59 38
	60 24
	61 50
	62 46
	63 11
	64 14
	65 14
	66 20
	67 48
	68 20
	69 5
	70 14
	71 6
	72 6
	73 40
	74 17
	75 33
	76 46
	77 45
	78 32
	79 7
	80 26
	81 23
	82 40
	83 27
	84 17
	85 36
	86 28
	87 13
	88 30
	89 47
	90 23
	91 10
	92 37
	93 9
	94 8
	95 29
	96 40
	97 17
	98 41
	99 20
	100 15
	101 27
	102 16
	103 22
	104 38
	105 45
	106 30
	107 15
	108 18
	109 10
	110 20
	111 46
	112 48
	113 1
	114 41
	115 45
	116 37
	117 46
	118 32
	119 47
	120 1
	121 14
	122 47
	123 28
	124 17
	125 34
	126 3
	127 4
	128 26
	129 43
	130 34
	131 46
	132 19
	133 22
	134 45
	135 12
	136 3
	137 28
	138 20
	139 29
	140 13
	141 24
	142 14
	143 26
	144 30
	145 38
	146 49
	147 39
	148 20
	149 34
	150 32
	151 20
	152 19
	153 42
	154 24
	155 19
	156 31
	157 38
	158 6
	159 28
	160 46
	161 23
	162 46
	163 9
	164 34
	165 17
	166 33
	167 39
	168 23
	169 3
	170 3
	171 30
	172 12
	173 16
	174 42
	175 45
	176 11
	177 39
	178 29
	179 4
	180 11
	181 31
	182 12
	183 31
	184 3
	185 13
	186 47
	187 17
	188 50
	189 2
	190 16
	191 27
	192 19
	193 1
	194 24
	195 37
	196 24
	197 4
	198 24
	199 41
	200 29
	201 15
	202 29
	203 13
	204 4
	205 38
	206 22
	207 35
	208 11
	209 7
	210 29
	211 47
	212 49
	213 26
	214 24
	215 13
	216 39
	217 16
	218 17
	219 39
	220 41
	221 19
	222 5
	223 49
	224 12
	225 49
	226 16
	227 23
	228 48
	229 33
	230 4
	231 4
	232 3
	233 7
	234 43
	235 9
	236 30
	237 4
	238 47
	239 8
	240 34
	241 23
	242 24
	243 26
	244 39
	245 12
	246 38
	247 25
	248 31
	249 49
	250 31
	251 39
	252 40
	253 5
	254 5
	255 39
	256 36
	257 24
	258 10
	259 10
	260 38
	261 20
	262 25
	263 17
	264 10
	265 37
	266 24
	267 33
	268 41
	269 11
	270 16
	271 5
	272 1
	273 17
	274 29
	275 32
	276 40
	277 36
	278 14
	279 49
	280 46
	281 25
	282 49
	283 6
	284 18
	285 33
	286 24
	287 45
	288 40
	289 12
	290 16
	291 48
	292 29
	293 7
	294 24
	295 28
	296 50
	297 2
	298 12
	299 20
	300 37
	301 13
	302 14
	303 27
	304 37
	305 42
	306 31
	307 19
	308 25
	309 50
	310 44
	311 25
	312 43
	313 12
	314 43
	315 21
	316 43
	317 45
	318 47
	319 16
	320 43
	321 29
	322 50
	323 24
	324 41
	325 45
	326 11
	327 39
	328 49
	329 36
	330 11
	331 6
	332 43
	333 5
	334 37
	335 28
	336 35
	337 2
	338 25
	339 32
	340 2
	341 42
	342 34
	343 43
	344 7
	345 35
	346 3
	347 26
	348 26
	349 42
	350 46
	351 24
	352 33
	353 1
	354 36
	355 22
	356 36
	357 47
	358 32
	359 50
	360 38
	361 40
	362 12
	363 18
	364 50
	365 28
	366 14
	367 24
	368 31
	369 5
	370 6
	371 18
	372 24
	373 7
	374 28
	375 32
	376 15
	377 40
	378 34
	379 21
	380 5
	381 26
	382 42
	383 10
	384 22
	385 18
	386 14
	387 7
	388 13
	389 31
	390 15
	391 27
	392 44
	393 46
	394 10
	395 50
	396 35
	397 3
	398 39
	399 3
	400 9
	401 47
	402 46
	403 17
	404 12
	405 13
	406 22
	407 9
	408 20
	409 14
	410 30
	411 2
	412 18
	413 40
	414 19
	415 5
	416 17
	417 45
	418 17
	419 33
	420 3
	421 37
	422 31
	423 20
	424 23
	425 33
	426 29
	427 18
	428 13
	429 27
	430 19
	431 36
	432 39
	433 33
	434 1
	435 41
	436 5
	437 7
	438 39
	439 23
	440 35
	441 6
	442 8
	443 39
	444 37
	445 28
	446 46
	447 4
	448 6
	449 21
	450 46
	451 47
	452 41
	453 24
	454 18
	455 49
	456 25
	457 38
	458 26
	459 48
	460 30
	461 50
	462 11
	463 3
	464 42
	465 9
	466 23
	467 8
	468 5
	469 14
	470 24
	471 17
	472 8
	473 20
	474 28
	475 6
	476 44
	477 10
	478 44
	479 43
	480 43
	481 23
	482 10
	483 3
	484 22
	485 6
	486 42
	487 35
	488 24
	489 44
	490 35
	491 21
	492 33
	493 50
	494 10
	495 14
	496 5
	497 1
	498 36
	499 43
	500 48
	501 1
	502 44
	503 5
	504 32
	505 26
	506 26
	507 16
	508 22
	509 32
	510 50
	511 29
	512 38
	513 32
	514 26
	515 37
	516 29
	517 45
	518 26
	519 43
	520 9
	521 27
	522 9
	523 9
	524 43
	525 24
	526 38
	527 19
	528 27
	529 37
	530 19
	531 27
	532 42
	533 14
	534 3
	535 34
	536 14
	537 10
	538 18
	539 14
	540 31
	541 37
	542 29
	543 47
	544 39
	545 44
	546 22
	547 23
	548 46
	549 36
	550 24
	551 7
	552 4
	553 44
	554 39
	555 45
	556 9
	557 44
	558 34
	559 13
	560 29
	561 31
	562 28
	563 22
	564 26
	565 28
	566 4
	567 8
	568 28
	569 14
	570 7
	571 19
	572 45
	573 34
	574 32
	575 42
	576 35
	577 48
	578 45
	579 30
	580 13
	581 37
	582 28
	583 33
	584 44
	585 33
	586 48
	587 30
	588 19
	589 46
	590 18
	591 33
	592 39
	593 36
	594 44
	595 28
	596 1
	597 23
	598 43
	599 40
	600 40
	601 6
	602 19
	603 31
	604 50
	605 37
	606 46
	607 23
	608 8
	609 7
	610 3
	611 26
	612 39
	613 39
	614 13
	615 35
	616 3
	617 27
	618 29
	619 45
	620 43
	621 22
	622 19
	623 28
	624 44
	625 50
	626 4
	627 5
	628 48
	629 49
	630 12
	631 7
	632 45
	633 4
	634 12
	635 15
	636 39
	637 18
	638 17
	639 21
	640 18
	641 41
	642 13
	643 34
	644 18
	645 28
	646 4
	647 1
	648 9
	649 35
	650 10
	651 18
	652 28
	653 40
	654 32
	655 28
	656 13
	657 6
	658 25
	659 2
	660 12
	661 6
	662 27
	663 48
	664 32
	665 44
	666 49
	667 25
	668 24
	669 1
	670 38
	671 24
	672 10
	673 48
	674 43
	675 17
	676 45
	677 43
	678 23
	679 14
	680 28
	681 49
	682 11
	683 35
	684 4
	685 4
	686 26
	687 23
	688 47
	689 2
	690 16
	691 27
	692 37
	693 45
	694 32
	695 1
	696 20
	697 14
	698 18
	699 7
	700 43
	701 14
	702 32
	703 26
	704 24
	705 30
	706 22
	707 48
	708 34
	709 27
	710 38
	711 41
	712 28
	713 45
	714 11
	715 37
	716 10
	717 15
	718 33
	719 46
	720 33
	721 22
	722 39
	723 13
	724 3
	725 1
	726 14
	727 38
	728 24
	729 17
	730 2
	731 6
	732 23
	733 16
	734 38
	735 34
	736 40
	737 34
	738 36
	739 48
	740 36
	741 7
	742 24
	743 1
	744 6
	745 17
	746 16
	747 16
	748 13
	749 17
	750 12
	751 32
	752 11
	753 17
	754 1
	755 21
	756 19
	757 21
	758 2
	759 25
	760 25
	761 45
	762 32
	763 37
	764 1
	765 16
	766 7
	767 14
	768 7
	769 48
	770 29
	771 12
	772 23
	773 44
	774 31
	775 17
	776 33
	777 16
	778 13
	779 47
	780 11
	781 49
	782 5
	783 4
	784 19
	785 48
	786 21
	787 33
	788 4
	789 20
	790 32
	791 22
	792 12
	793 22
	794 9
	795 20
	796 42
	797 24
	798 12
	799 36
	800 37
	801 40
	802 34
	803 42
	804 20
	805 38
	806 23
	807 3
	808 43
	809 26
	810 33
	811 4
	812 46
	813 3
	814 40
	815 21
	816 22
	817 35
	818 21
	819 15
	820 24
	821 32
	822 50
	823 32
	824 36
	825 15
	826 49
	827 37
	828 27
	829 15
	830 6
	831 7
	832 19
	833 50
	834 26
	835 9
	836 12
	837 7
	838 36
	839 19
	840 49
	841 26
	842 38
	843 29
	844 12
	845 21
	846 15
	847 9
	848 6
	849 20
	850 35
	851 12
	852 34
	853 8
	854 45
	855 10
	856 9
	857 33
	858 23
	859 35
	860 44
	861 8
	862 18
	863 10
	864 48
	865 6
	866 16
	867 30
	868 32
	869 33
	870 9
	871 49
	872 10
	873 4
	874 5
	875 31
	876 8
	877 18
	878 48
	879 7
	880 22
	881 30
	882 38
	883 19
	884 38
	885 5
	886 14
	887 43
	888 14
	889 6
	890 32
	891 48
	892 16
	893 22
	894 21
	895 26
	896 45
	897 16
	898 16
	899 48
	900 29
	901 25
	902 42
	903 13
	904 37
	905 34
	906 18
	907 20
	908 12
	909 26
	910 18
	911 39
	912 49
	913 7
	914 19
	915 48
	916 15
	917 6
	918 1
	919 27
	920 5
	921 49
	922 17
	923 33
	924 39
	925 38
	926 35
	927 11
	928 24
	929 19
	930 44
	931 35
	932 34
	933 47
	934 18
	935 38
	936 48
	937 11
	938 26
	939 1
	940 32
	941 36
	942 6
	943 20
	944 7
	945 16
	946 45
	947 38
	948 33
	949 13
	950 33
	951 49
	952 41
	953 8
	954 20
	955 38
	956 26
	957 45
	958 8
	959 2
	960 50
	961 36
	962 27
	963 23
	964 19
	965 39
	966 12
	967 12
	968 19
	969 29
	970 30
	971 17
	972 30
	973 40
	974 21
	975 20
	976 17
	977 14
	978 8
	979 33
	980 7
	981 40
	982 17
	983 34
	984 25
	985 48
	986 1
	987 36
	988 15
	989 49
	990 48
	991 30
	992 15
	993 13
	994 16
	995 34
	996 27
	997 10
	998 23
	999 48
	1000 8
;
param x1 :=
	1 7
	2 17
	3 35
	4 33
	5 2
	6 27
	7 45
	8 21
	9 23
	10 50
	11 17
	12 50
	13 35
	14 26
	15 39
	16 17
	17 3
	18 50
	19 8
	20 33
	21 41
	22 15
	23 16
	24 26
	25 36
	26 48
	27 34
	28 45
	29 33
	30 19
	31 33
	32 33
	33 6
	34 31
	35 9
	36 24
	37 8
	38 44
	39 29
	40 13
	41 9
	42 17
	43 25
	44 15
	45 48
	46 33
	47 46
	48 39
	49 23
	50 12
	51 13
	52 32
	53 17
	54 33
	55 7
	56 12
	57 48
	58 12
	59 38
	60 34
	61 5
	62 46
	63 3
	64 33
	65 14
	66 20
	67 12
	68 8
	69 20
	70 48
	71 4
	72 20
	73 40
	74 14
	75 44
	76 46
	77 39
	78 32
	79 7
	80 26
	81 34
	82 40
	83 15
	84 1
	85 6
	86 44
	87 3
	88 30
	89 37
	90 9
	91 1
	92 42
	93 36
	94 8
	95 37
	96 19
	97 17
	98 28
	99 7
	100 15
	101 27
	102 29
	103 19
	104 45
	105 3
	106 30
	107 15
	108 18
	109 44
	110 4
	111 46
	112 45
	113 45
	114 42
	115 20
	116 45
	117 46
	118 6
	119 7
	120 33
	121 44
	122 48
	123 15
	124 26
	125 31
	126 4
	127 4
	128 17
	129 1
	130 40
	131 50
	132 12
	133 15
	134 18
	135 48
	136 18
	137 28
	138 33
	139 7
	140 17
	141 25
	142 48
	143 33
	144 13
	145 17
	146 8
	147 39
	148 17
	149 12
	150 32
	151 50
	152 19
	153 45
	154 50
	155 19
	156 9
	157 19
	158 33
	159 44
	160 46
	161 8
	162 46
	163 8
	164 34
	165 44
	166 35
	167 15
	168 33
	169 34
	170 50
	171 49
	172 27
	173 23
	174 42
	175 26
	176 1
	177 49
	178 26
	179 4
	180 4
	181 31
	182 15
	183 31
	184 3
	185 50
	186 23
	187 49
	188 47
	189 49
	190 16
	191 50
	192 40
	193 40
	194 15
	195 39
	196 50
	197 33
	198 24
	199 38
	200 29
	201 6
	202 29
	203 8
	204 4
	205 38
	206 22
	207 10
	208 11
	209 7
	210 39
	211 47
	212 49
	213 40
	214 44
	215 33
	216 4
	217 48
	218 44
	219 42
	220 41
	221 26
	222 34
	223 7
	224 12
	225 49
	226 42
	227 50
	228 17
	229 23
	230 33
	231 44
	232 33
	233 47
	234 27
	235 50
	236 30
	237 45
	238 17
	239 8
	240 34
	241 23
	242 39
	243 44
	244 40
	245 1
	246 9
	247 25
	248 31
	249 49
	250 3
	251 13
	252 40
	253 39
	254 50
	255 7
	256 17
	257 20
	258 17
	259 17
	260 8
	261 8
	262 15
	263 33
	264 10
	265 41
	266 34
	267 33
	268 41
	269 24
	270 33
	271 15
	272 8
	273 17
	274 29
	275 33
	276 40
	277 30
	278 14
	279 49
	280 46
	281 25
	282 49
	283 22
	284 18
	285 7
	286 50
	287 50
	288 14
	289 12
	290 16
	291 31
	292 15
	293 33
	294 39
	295 17
	296 45
	297 2
	298 40
	299 28
	300 23
	301 48
	302 14
	303 17
	304 19
	305 43
	306 31
	307 42
	308 25
	309 31
	310 35
	311 25
	312 33
	313 12
	314 31
	315 39
	316 31
	317 18
	318 15
	319 45
	320 17
	321 29
	322 50
	323 45
	324 43
	325 50
	326 11
	327 39
	328 49
	329 7
	330 32
	331 8
	332 43
	333 31
	334 7
	335 28
	336 14
	337 41
	338 25
	339 15
	340 2
	341 21
	342 15
	343 42
	344 8
	345 48
	346 17
	347 20
	348 26
	349 7
	350 50
	351 34
	352 45
	353 35
	354 32
	355 22
	356 34
	357 48
	358 37
	359 42
	360 7
	361 30
	362 8
	363 18
	364 3
	365 40
	366 31
	367 43
	368 26
	369 29
	370 13
	371 23
	372 22
	373 7
	374 28
	375 7
	376 26
	377 40
	378 34
	379 50
	380 3
	381 13
	382 23
	383 41
	384 22
	385 18
	386 14
	387 34
	388 29
	389 29
	390 50
	391 27
	392 44
	393 46
	394 10
	395 50
	396 45
	397 18
	398 18
	399 3
	400 44
	401 47
	402 17
	403 33
	404 7
	405 48
	406 22
	407 36
	408 48
	409 33
	410 37
	411 21
	412 50
	413 40
	414 7
	415 30
	416 44
	417 40
	418 8
	419 7
	420 19
	421 37
	422 33
	423 28
	424 23
	425 50
	426 29
	427 18
	428 50
	429 27
	430 19
	431 29
	432 39
	433 33
	434 1
	435 41
	436 46
	437 7
	438 8
	439 1
	440 46
	441 43
	442 8
	443 39
	444 4
	445 28
	446 46
	447 4
	448 36
	449 44
	450 38
	451 17
	452 17
	453 12
	454 18
	455 37
	456 25
	457 17
	458 36
	459 22
	460 30
	461 26
	462 11
	463 3
	464 36
	465 17
	466 5
	467 30
	468 5
	469 4
	470 46
	471 41
	472 32
	473 44
	474 28
	475 40
	476 44
	477 43
	478 44
	479 45
	480 50
	481 23
	482 3
	483 12
	484 26
	485 13
	486 34
	487 23
	488 24
	489 44
	490 46
	491 12
	492 50
	493 18
	494 10
	495 7
	496 9
	497 1
	498 36
	499 33
	500 48
	501 20
	502 26
	503 33
	504 26
	505 44
	506 26
	507 44
	508 22
	509 15
	510 46
	511 29
	512 38
	513 31
	514 28
	515 37
	516 29
	517 45
	518 27
	519 34
	520 9
	521 47
	522 9
	523 34
	524 43
	525 12
	526 7
	527 19
	528 12
	529 18
	530 19
	531 8
	532 42
	533 45
	534 44
	535 8
	536 8
	537 10
	538 44
	539 3
	540 31
	541 29
	542 29
	543 47
	544 40
	545 44
	546 22
	547 10
	548 46
	549 36
	550 48
	551 7
	552 19
	553 44
	554 7
	555 50
	556 9
	557 33
	558 22
	559 13
	560 48
	561 39
	562 28
	563 22
	564 1
	565 38
	566 4
	567 8
	568 50
	569 45
	570 7
	571 45
	572 9
	573 34
	574 32
	575 37
	576 21
	577 48
	578 45
	579 30
	580 13
	581 35
	582 28
	583 20
	584 22
	585 8
	586 48
	587 30
	588 19
	589 46
	590 18
	591 44
	592 40
	593 50
	594 38
	595 50
	596 36
	597 15
	598 50
	599 50
	600 40
	601 29
	602 19
	603 34
	604 38
	605 37
	606 46
	607 25
	608 43
	609 50
	610 27
	611 50
	612 39
	613 50
	614 8
	615 35
	616 3
	617 27
	618 8
	619 39
	620 19
	621 22
	622 7
	623 28
	624 5
	625 50
	626 4
	627 17
	628 23
	629 26
	630 48
	631 7
	632 50
	633 4
	634 44
	635 44
	636 31
	637 18
	638 34
	639 12
	640 18
	641 41
	642 13
	643 34
	644 8
	645 43
	646 29
	647 40
	648 26
	649 35
	650 8
	651 18
	652 50
	653 40
	654 44
	655 33
	656 13
	657 24
	658 17
	659 2
	660 8
	661 8
	662 20
	663 33
	664 32
	665 40
	666 7
	667 28
	668 48
	669 23
	670 44
	671 26
	672 44
	673 48
	674 31
	675 17
	676 44
	677 32
	678 23
	679 29
	680 28
	681 49
	682 11
	683 9
	684 44
	685 4
	686 3
	687 39
	688 4
	689 2
	690 16
	691 22
	692 9
	693 22
	694 36
	695 44
	696 43
	697 12
	698 42
	699 7
	700 40
	701 33
	702 12
	703 31
	704 28
	705 30
	706 22
	707 4
	708 34
	709 29
	710 38
	711 33
	712 28
	713 33
	714 33
	715 12
	716 44
	717 13
	718 3
	719 46
	720 44
	721 48
	722 17
	723 13
	724 43
	725 1
	726 18
	727 38
	728 34
	729 41
	730 2
	731 26
	732 18
	733 16
	734 38
	735 4
	736 37
	737 34
	738 34
	739 48
	740 31
	741 45
	742 34
	743 1
	744 6
	745 6
	746 16
	747 7
	748 13
	749 29
	750 40
	751 41
	752 11
	753 40
	754 18
	755 33
	756 9
	757 21
	758 2
	759 14
	760 25
	761 30
	762 35
	763 45
	764 45
	765 48
	766 7
	767 14
	768 33
	769 48
	770 45
	771 33
	772 23
	773 24
	774 31
	775 48
	776 34
	777 16
	778 13
	779 21
	780 7
	781 49
	782 38
	783 18
	784 26
	785 8
	786 21
	787 15
	788 4
	789 41
	790 32
	791 5
	792 26
	793 22
	794 13
	795 24
	796 40
	797 23
	798 5
	799 3
	800 18
	801 40
	802 34
	803 25
	804 10
	805 19
	806 33
	807 3
	808 3
	809 30
	810 35
	811 31
	812 33
	813 46
	814 40
	815 24
	816 22
	817 6
	818 21
	819 15
	820 50
	821 15
	822 50
	823 32
	824 40
	825 40
	826 17
	827 31
	828 27
	829 15
	830 33
	831 7
	832 34
	833 4
	834 49
	835 33
	836 37
	837 7
	838 26
	839 39
	840 50
	841 33
	842 38
	843 15
	844 8
	845 21
	846 17
	847 5
	848 6
	849 44
	850 35
	851 41
	852 27
	853 40
	854 45
	855 10
	856 50
	857 4
	858 23
	859 42
	860 50
	861 5
	862 44
	863 8
	864 36
	865 30
	866 16
	867 10
	868 17
	869 47
	870 3
	871 12
	872 10
	873 15
	874 18
	875 31
	876 21
	877 18
	878 15
	879 8
	880 26
	881 19
	882 46
	883 33
	884 38
	885 13
	886 48
	887 43
	888 14
	889 43
	890 42
	891 5
	892 16
	893 8
	894 21
	895 13
	896 50
	897 33
	898 19
	899 48
	900 3
	901 37
	902 9
	903 33
	904 12
	905 10
	906 18
	907 19
	908 35
	909 31
	910 1
	911 43
	912 49
	913 7
	914 19
	915 5
	916 41
	917 6
	918 31
	919 35
	920 5
	921 5
	922 10
	923 26
	924 39
	925 38
	926 33
	927 15
	928 15
	929 19
	930 48
	931 35
	932 34
	933 32
	934 18
	935 33
	936 48
	937 15
	938 26
	939 10
	940 32
	941 36
	942 13
	943 17
	944 7
	945 10
	946 33
	947 46
	948 33
	949 15
	950 33
	951 3
	952 18
	953 35
	954 40
	955 12
	956 12
	957 7
	958 45
	959 38
	960 9
	961 42
	962 34
	963 23
	964 19
	965 39
	966 8
	967 44
	968 44
	969 22
	970 42
	971 12
	972 8
	973 43
	974 1
	975 25
	976 33
	977 4
	978 37
	979 9
	980 31
	981 20
	982 39
	983 14
	984 50
	985 50
	986 50
	987 21
	988 15
	989 49
	990 48
	991 46
	992 38
	993 13
	994 16
	995 8
	996 47
	997 15
	998 39
	999 24
	1000 3
;
