data;
set M := 1 2 3 4 5 6 7 8 9 10 11 12 13 14 15 16 17 18 19 20 21 22 23 24 25 26 27 28 29 30 31 32 33 34 35 36 37 38 39 40 41 42 43 44 45 46 47 48 49 50 51 52 53 54 55 56 57 58 59 60 61 62 63 64 65 66 67 68 69 70 71 72 73 74 75 76 77 78 79 80 81 82 83 84 85 86 87 88 89 90 91 92 93 94 95 96 97 98 99 100;
set P :=  1 2 3 4 5 6 7 8 9 10 11 12 13 14 15 16 17 18 19 20 21 22 23 24 25 26 27 28 29 30 31 32 33 34 35 36 37 38 39 40 41 42 43 44 45 46 47 48 49 50 51 52 53 54 55 56 57 58 59 60 61 62 63 64 65 66 67 68 69 70 71 72 73 74 75 76 77 78 79 80 81 82 83 84 85 86 87 88 89 90 91 92 93 94 95 96 97 98 99 100 101 102 103 104 105 106 107 108 109 110 111 112 113 114 115 116 117 118 119 120 121 122 123 124 125 126 127 128 129 130 131 132 133 134 135 136 137 138 139 140 141 142 143 144 145 146 147 148 149 150 151 152 153 154 155 156 157 158 159 160 161 162 163 164 165 166 167 168 169 170 171 172 173 174 175 176 177 178 179 180 181 182 183 184 185 186 187 188 189 190 191 192 193 194 195 196 197 198 199 200 201 202 203 204 205 206 207 208 209 210 211 212 213 214 215 216 217 218 219 220 221 222 223 224 225 226 227 228 229 230 231 232 233 234 235 236 237 238 239 240 241 242 243 244 245 246 247 248 249 250 251 252 253 254 255 256 257 258 259 260 261 262 263 264 265 266 267 268 269 270 271 272 273 274 275 276 277 278 279 280 281 282 283 284 285 286 287 288 289 290 291 292 293 294 295 296 297 298 299 300 301 302 303 304 305 306 307 308 309 310 311 312 313 314 315 316 317 318 319 320 321 322 323 324 325 326 327 328 329 330 331 332 333 334 335 336 337 338 339 340 341 342 343 344 345 346 347 348 349 350 351 352 353 354 355 356 357 358 359 360 361 362 363 364 365 366 367 368 369 370 371 372 373 374 375 376 377 378 379 380 381 382 383 384 385 386 387 388 389 390 391 392 393 394 395 396 397 398 399 400 401 402 403 404 405 406 407 408 409 410 411 412 413 414 415 416 417 418 419 420 421 422 423 424 425 426 427 428 429 430 431 432 433 434 435 436 437 438 439 440 441 442 443 444 445 446 447 448 449 450 451 452 453 454 455 456 457 458 459 460 461 462 463 464 465 466 467 468 469 470 471 472 473 474 475 476 477 478 479 480 481 482 483 484 485 486 487 488 489 490 491 492 493 494 495 496 497 498 499 500 501 502 503 504 505 506 507 508 509 510 511 512 513 514 515 516 517 518 519 520 521 522 523 524 525 526 527 528 529 530 531 532 533 534 535 536 537 538 539 540 541 542 543 544 545 546 547 548 549 550 551 552 553 554 555 556 557 558 559 560 561 562 563 564 565 566 567 568 569 570 571 572 573 574 575 576 577 578 579 580 581 582 583 584 585 586 587 588 589 590 591 592 593 594 595 596 597 598 599 600 601 602 603 604 605 606 607 608 609 610 611 612 613 614 615 616 617 618 619 620 621 622 623 624 625 626 627 628 629 630 631 632 633 634 635 636 637 638 639 640 641 642 643 644 645 646 647 648 649 650 651 652 653 654 655 656 657 658 659 660 661 662 663 664 665 666 667 668 669 670 671 672 673 674 675 676 677 678 679 680 681 682 683 684 685 686 687 688 689 690 691 692 693 694 695 696 697 698 699 700 701 702 703 704 705 706 707 708 709 710 711 712 713 714 715 716 717 718 719 720 721 722 723 724 725 726 727 728 729 730 731 732 733 734 735 736 737 738 739 740 741 742 743 744 745 746 747 748 749 750 751 752 753 754 755 756 757 758 759 760 761 762 763 764 765 766 767 768 769 770 771 772 773 774 775 776 777 778 779 780 781 782 783 784 785 786 787 788 789 790 791 792 793 794 795 796 797 798 799 800 801 802 803 804 805 806 807 808 809 810 811 812 813 814 815 816 817 818 819 820 821 822 823 824 825 826 827 828 829 830 831 832 833 834 835 836 837 838 839 840 841 842 843 844 845 846 847 848 849 850 851 852 853 854 855 856 857 858 859 860 861 862 863 864 865 866 867 868 869 870 871 872 873 874 875 876 877 878 879 880 881 882 883 884 885 886 887 888 889 890 891 892 893 894 895 896 897 898 899 900 901 902 903 904 905 906 907 908 909 910 911 912 913 914 915 916 917 918 919 920 921 922 923 924 925 926 927 928 929 930 931 932 933 934 935 936 937 938 939 940 941 942 943 944 945 946 947 948 949 950 951 952 953 954 955 956 957 958 959 960 961 962 963 964 965 966 967 968 969 970 971 972 973 974 975 976 977 978 979 980 981 982 983 984 985 986 987 988 989 990 991 992 993 994 995 996 997 998 999 1000;
set R :=  1 2 3;
set TR := 2;
param ns := 216;
set S[1] := 23 82 132 204 235 240 315 320 400 460 478 529 539 686 709 788 824 870 890;
set S[2] := 111 129 151 183 558 628 648 724 804 840 939;
set S[3] := 94 124 230 250 256 295 299 316 355 383 385 498 531 533 542 591 661 694 772 801 888 953 967 984;
set S[4] := 14 174 413 438 475 582 646 652;
set S[5] := 100 142 154 330 439 540 541 901 982;
set S[6] := 358 426 519 657 749 944 950;
set S[7] := 39 46 95 125 156 203 217 223 334 343 411 538 571 621 861 957 969;
set S[8] := 86 418 859;
set S[9] := 395 433 600 622 702 794 994;
set S[10] := 106 504 605;
set S[11] := 18 187 269 365 424 537 711 779 780 802 877;
set S[12] := 224 419 462 467 588;
set S[13] := 29 50 118 128 287 302 416 453 481 488 489 585 706 741 746 753 791 916 933;
set S[14] := 201 218 394 936;
set S[15] := 5 40 56 127 202 232 259 286 293 298 333 451 465 487 663 672 700 720 829 851 955;
set S[16] := 21 158 180 304 362 499 868 960;
set S[17] := 16 84 145 311 384 556 560 578 590 701 734 739 743 766 805 822 941;
set S[18] := 38 134 166 266 353 412 420 457 468 543 676 782 806 821 948 958;
set S[19] := 68 102 163 181 190 216 219 220 292 434 522 544 642 659 778 874 951 990;
set S[20] := 297 564 613 790 857;
set S[21] := 11 63 66 85 116 258 275 454 514 568 575 623 629 670 718 979;
set S[22] := 31 36 109 161 212 458 470 668 777 810 864 917 934 998;
set S[23] := 17 78 89 110 130 169 211 213 310 335 359 389 406 474 477 491 547 595 704 744 784 855 966;
set S[24] := 77 79 88 136 207 208 257 326 350 402 452 485 494 513 535 555 563 584 607 627 662 692 712 716 845;
set S[25] := 47 57 108 168 176 191 236 431 435 530 618 620 693 750 769 808 849 881 882 925 946 949;
set S[26] := 173 192 374 758 848 893;
set S[27] := 22 26 49 67 69 113 120 131 153 262 267 271 307 332 436 548 602 615 684 721 730 968 971 989;
set S[28] := 83 105 172 273 592 603 767 892 928;
set S[29] := 6 185 197 237 264 312 314 511 617 630 636 649 651 689 796 841 866 932 959 972 992;
set S[30] := 186 246 324 417 647 973;
set S[31] := 8 126 313 342 437 456 461 466 528 569 574 606 655 737 842 873;
set S[32] := 277 473 561 768 838;
set S[33] := 20 164 184 221 245 255 263 633 634 814 924;
set S[34] := 27 41 54 73 87 90 165 274 363 387 401 500 508 609 745 755 771 774 865 909;
set S[35] := 61 215 282 331 393 398 509 550 553 707 800 820 830 898 952;
set S[36] := 71 74 249 325 336 432 446 576 669 675 738 817 837 839 867 908 915 919 996;
set S[37] := 33 179 285 300 318 352 396 399 572 725 752;
set S[38] := 37 44 104 150 552 619 935 963;
set S[39] := 3 53 244 339 357 369 372 440 557 562 587 631 691 757 823;
set S[40] := 19 76 119 147 167 195 222 243 268 408 414 421 442 577 601 664 703 776 781 789 850 883 961 965 980;
set S[41] := 45 143 175 188 322 344 356 476 492 520 594 645 759 761 787 792 835 875 920 974 981 985;
set S[42] := 13 137 328 340 360 443 448 733 871;
set S[43] := 24 28 117 196 265 288 378 403 415 423 497 517 612 713 756 795 816 879 885 910 931 954 983 988;
set S[44] := 30 103 193 241 373 459 593 650 677 683 826;
set S[45] := 52 155 422 690 698 731 732;
set S[46] := 48 247 261 276 309 377 586 678 723 798 809 836 846 997;
set S[47] := 7 199 209 278 301 483 549 579 597 671 717 722 786 811 878 886 887 902;
set S[48] := 43 371 999;
set S[49] := 32 149 189 444 546 598 611 635 783 799 827 869 895 906 991;
set S[50] := 337 818;
set S[51] := 464 604 637;
set S[52] := 107 428;
set S[53] := 284 347 380 813 977 986;
set S[54] := 532 583 760 833 922 945 993;
set S[55] := 279 427 495 515 525 596 638 699 714 747 797 860;
set S[56] := 1 35 65 81 198 229 272 640 658 688 775 844 863 975;
set S[57] := 121 392 570 616 660 682 773;
set S[58] := 210 736;
set S[59] := 59 60 93 97 101 290 351 625 639 828 858 862 987;
set S[60] := 160 407 463 599;
set S[61] := 507 521 536 695 856 896 929;
set S[62] := 404 480 754 843 947;
set S[63] := 141 348 349 361 696 803 926;
set S[64] := 206 368 567 608 665;
set S[65] := 64 283 319 410 503 748 891 900;
set S[66] := 159 182 573 889;
set S[67] := 34 55 58 502 679 1000;
set S[68] := 12 260 291 735;
set S[69] := 367 667;
set S[70] := 42 233 317 430 834 905;
set S[71] := 226 610;
set S[72] := 346 554 566;
set S[73] := 239 715 956;
set S[74] := 144 729;
set S[75] := 152 545 847;
set S[76] := 252 305 793;
set S[77] := 91 133 157 289 626 653;
set S[78] := 9 162 178 194 370 409 751 763 894 914 943;
set S[79] := 472 580 742 921 964;
set S[80] := 135 294;
set S[81] := 96 138 940;
set S[82] := 493 516;
set S[83] := 200 506 524 726 938;
set S[84] := 115 171 654;
set S[85] := 449 565 728 904;
set S[86] := 139 228 397 976;
set S[87] := 242 486;
set S[88] := 98 205;
set S[89] := 505 854;
set S[90] := 4 177 482 484;
set S[91] := 92 254;
set S[92] := 227 719;
set S[93] := 589 880;
set S[94] := 680 907;
set S[95] := 248 450;
set S[96] := 527 641;
set S[97] := 72 170 429;
set S[98] := 785 832;
set S[99] := 390 471;
set S[100] := 251 644;
set S[101] := 2;
set S[102] := 10;
set S[103] := 15;
set S[104] := 25;
set S[105] := 51;
set S[106] := 62;
set S[107] := 70;
set S[108] := 75;
set S[109] := 80;
set S[110] := 99;
set S[111] := 112;
set S[112] := 114;
set S[113] := 122;
set S[114] := 123;
set S[115] := 140;
set S[116] := 146;
set S[117] := 148;
set S[118] := 214;
set S[119] := 225;
set S[120] := 231;
set S[121] := 234;
set S[122] := 238;
set S[123] := 253;
set S[124] := 270;
set S[125] := 280;
set S[126] := 281;
set S[127] := 296;
set S[128] := 303;
set S[129] := 306;
set S[130] := 308;
set S[131] := 321;
set S[132] := 323;
set S[133] := 327;
set S[134] := 329;
set S[135] := 338;
set S[136] := 341;
set S[137] := 345;
set S[138] := 354;
set S[139] := 364;
set S[140] := 366;
set S[141] := 375;
set S[142] := 376;
set S[143] := 379;
set S[144] := 381;
set S[145] := 382;
set S[146] := 386;
set S[147] := 388;
set S[148] := 391;
set S[149] := 405;
set S[150] := 425;
set S[151] := 441;
set S[152] := 445;
set S[153] := 447;
set S[154] := 455;
set S[155] := 469;
set S[156] := 479;
set S[157] := 490;
set S[158] := 496;
set S[159] := 501;
set S[160] := 510;
set S[161] := 512;
set S[162] := 518;
set S[163] := 523;
set S[164] := 526;
set S[165] := 534;
set S[166] := 551;
set S[167] := 559;
set S[168] := 581;
set S[169] := 614;
set S[170] := 624;
set S[171] := 632;
set S[172] := 643;
set S[173] := 656;
set S[174] := 666;
set S[175] := 673;
set S[176] := 674;
set S[177] := 681;
set S[178] := 685;
set S[179] := 687;
set S[180] := 697;
set S[181] := 705;
set S[182] := 708;
set S[183] := 710;
set S[184] := 727;
set S[185] := 740;
set S[186] := 762;
set S[187] := 764;
set S[188] := 765;
set S[189] := 770;
set S[190] := 807;
set S[191] := 812;
set S[192] := 815;
set S[193] := 819;
set S[194] := 825;
set S[195] := 831;
set S[196] := 852;
set S[197] := 853;
set S[198] := 872;
set S[199] := 876;
set S[200] := 884;
set S[201] := 897;
set S[202] := 899;
set S[203] := 903;
set S[204] := 911;
set S[205] := 912;
set S[206] := 913;
set S[207] := 918;
set S[208] := 923;
set S[209] := 927;
set S[210] := 930;
set S[211] := 937;
set S[212] := 942;
set S[213] := 962;
set S[214] := 970;
set S[215] := 978;
set S[216] := 995;
param Nei :=
	1 3
	2 2
	3 2
	4 3
	5 2
	6 2
	7 5
	8 5
	9 2
	10 2
	11 1
	12 1
	13 3
	14 5
	15 5
	16 4
	17 5
	18 1
	19 1
	20 4
	21 2
	22 1
	23 4
	24 4
	25 5
	26 4
	27 4
	28 5
	29 1
	30 4
	31 3
	32 5
	33 5
	34 4
	35 1
	36 3
	37 4
	38 3
	39 1
	40 3
	41 1
	42 3
	43 3
	44 5
	45 5
	46 5
	47 2
	48 5
	49 3
	50 5
	51 2
	52 3
	53 3
	54 4
	55 4
	56 2
	57 4
	58 3
	59 2
	60 5
	61 4
	62 3
	63 1
	64 5
	65 1
	66 1
	67 1
	68 4
	69 2
	70 4
	71 1
	72 1
	73 2
	74 4
	75 3
	76 1
	77 2
	78 2
	79 3
	80 1
	81 4
	82 1
	83 3
	84 4
	85 2
	86 4
	87 4
	88 5
	89 5
	90 2
	91 5
	92 2
	93 3
	94 2
	95 3
	96 1
	97 3
	98 1
	99 5
	100 2;
param Loc :=
	1 15
	2 10
	3 8
	4 14
	5 8
	6 7
	7 23
	8 21
	9 9
	10 6
	11 1
	12 2
	13 15
	14 22
	15 24
	16 16
	17 24
	18 3
	19 4
	20 18
	21 10
	22 4
	23 18
	24 19
	25 23
	26 17
	27 19
	28 24
	29 2
	30 16
	31 11
	32 23
	33 22
	34 20
	35 1
	36 12
	37 20
	38 13
	39 5
	40 12
	41 2
	42 15
	43 12
	44 25
	45 21
	46 23
	47 9
	48 25
	49 13
	50 21
	51 9
	52 11
	53 13
	54 18
	55 16
	56 9
	57 16
	58 14
	59 10
	60 25
	61 17
	62 13
	63 3
	64 24
	65 3
	66 2
	67 5
	68 17
	69 7
	70 20
	71 5
	72 3
	73 6
	74 19
	75 14
	76 4
	77 7
	78 8
	79 11
	80 1
	81 18
	82 1
	83 15
	84 19
	85 8
	86 17
	87 20
	88 25
	89 21
	90 6
	91 22
	92 10
	93 12
	94 7
	95 14
	96 4
	97 11
	98 5
	99 22
	100 6;
param C :  1 2 3 := 
	1 1011436 221152 464431
	2 2116198 6212236 2638956
	3 1326259 1530907 3863366
	4 946763 1393061 2715229
	5 2476809 3503123 2558133
	6 1942665 3791876 878106
	7 1248220 978157 2913392
	8 826062 449563 1772827
	9 978052 2216300 2650521
	10 732717 1763644 363285
	11 1634134 3644709 3577781
	12 532024 431507 1159893
	13 1418660 3142503 1269090
	14 2459241 9672186 1504275
	15 998963 2637813 1525601
	16 1146761 2441607 382142
	17 1246286 548801 4513054
	18 366627 1722913 884925
	19 1230242 891526 2628467
	20 164425 505139 1183990
	21 1782226 3010035 1083441
	22 701767 2133844 2283251
	23 1192956 501029 1246497
	24 2016819 1524544 289225
	25 1096365 1469663 823804
	26 1233218 1162317 3772509
	27 555061 2817162 483236
	28 1701334 667106 3322381
	29 2478706 6136886 887864
	30 1595209 1403089 901692
	31 609708 440931 2060411
	32 1406894 6186423 3627564
	33 2626505 6349227 1604013
	34 1593040 1339728 399446
	35 705152 1100919 1292764
	36 1404213 2121932 1760093
	37 944471 1368871 2638518
	38 1725578 1491287 1735195
	39 2144181 4966959 4335947
	40 1032981 3012101 1087538
	41 1116692 905006 1414972
	42 2000439 6093940 196500
	43 1016337 3271333 723493
	44 340204 649687 2682975
	45 799911 770770 1178032
	46 1143676 2083284 1856764
	47 2339702 2877199 592462
	48 1169846 719224 3426665
	49 2043988 6843934 2871516
	50 1794963 3243738 1167906
	51 2575235 1512501 2041978
	52 1260410 4869626 1060675
	53 1694572 5774441 912245
	54 1605150 1287511 898696
	55 1955979 3150969 1138100
	56 2869312 2887500 2694293
	57 1629791 3426494 1100430
	58 1167452 4362231 2228758
	59 2195470 4228273 2345215
	60 563353 471460 1099030
	61 1676528 7792730 760773
	62 1105561 999625 1893249
	63 1538475 7519958 1402826
	64 1123762 1863012 1022449
	65 2159830 4847836 2681610
	66 967817 1292989 1266298
	67 125172 139237 1055856
	68 1087406 2715186 1415770
	69 1465014 1234655 1757870
	70 1002840 1684855 618403
	71 666008 463927 224611
	72 1809781 2258974 971775
	73 1780245 5017321 2159606
	74 1781500 3473751 3777147
	75 938982 1101556 2219126
	76 1418319 4680065 876989
	77 1345621 525373 842168
	78 812882 2568791 3001568
	79 2039774 3638202 483996
	80 543377 1884524 2519898
	81 759003 2709363 1333950
	82 1170413 3397559 1040840
	83 914406 965774 2127403
	84 312478 1467078 741233
	85 292925 1433869 442374
	86 499173 1554018 1360255
	87 539212 857291 148741
	88 1553267 1373354 2520654
	89 1296409 746471 234684
	90 1364057 1579314 1286651
	91 1297403 2360855 1668406
	92 2470328 2544200 1424936
	93 939786 642574 4233122
	94 730287 3886693 1317256
	95 1260269 5900636 435572
	96 1126442 1678283 2279389
	97 3124443 3310867 3340180
	98 461193 2181352 1324226
	99 713053 1136462 2316957
	100 230556 365890 1117282
;
param SC :  1 2 3 := 
	1 834434 177142 338570
	2 1627356 4876605 2319642
	3 1031829 1246158 2967065
	4 767824 1161812 2096156
	5 2236558 2718423 1821390
	6 1779481 3496109 818394
	7 1107171 891101 2764809
	8 769063 382128 1565406
	9 707131 1726497 2427877
	10 663841 1474406 330589
	11 1192917 2901188 2804980
	12 476693 396554 1041583
	13 1320772 2435439 1091417
	14 2161672 8685623 1138736
	15 724248 1957257 1209801
	16 1020617 2126639 295777
	17 987058 502152 3637521
	18 346829 1535115 752186
	19 954667 663295 2407675
	20 115755 370772 1034807
	21 1678856 2402007 802829
	22 635800 1988742 1650790
	23 1028328 463952 1085698
	24 1748582 1379712 216629
	25 962608 1050809 603024
	26 1111129 846166 3248130
	27 437943 2000185 349862
	28 1269195 482984 3133005
	29 2245707 5007698 702300
	30 1386236 1254361 758322
	31 512764 325848 1642147
	32 1218370 5196595 2742438
	33 2119589 5295255 1438799
	34 1170884 1248626 306375
	35 569057 823487 1164780
	36 1251153 1578717 1668568
	37 848134 1006120 1860155
	38 1525410 1294437 1454093
	39 1723921 4087807 3481765
	40 957573 2801253 885255
	41 997205 784640 1306019
	42 1496328 4332791 137746
	43 942144 2855873 582411
	44 259575 493112 2170526
	45 676724 554954 1042558
	46 970980 1929120 1550397
	47 1967689 2727584 478709
	48 1055201 549487 2552865
	49 1512551 5632557 2259883
	50 1665725 2594990 921477
	51 2160622 1228150 1923543
	52 1157056 3472043 863389
	53 1272623 5410651 738918
	54 1337089 1108546 660541
	55 1621506 2290754 797808
	56 2372921 2174287 2147351
	57 1453773 2473928 927662
	58 875589 4017614 1700542
	59 2057155 3331879 1962944
	60 410120 377639 826470
	61 1420019 5688692 560689
	62 957415 838685 1357459
	63 1121548 5369250 1234486
	64 866420 1471779 828183
	65 2041039 3810399 2067521
	66 884584 1217995 1101679
	67 111653 109718 958717
	68 887323 2457243 1339318
	69 1060670 932164 1650639
	70 726056 1351253 460710
	71 562110 437019 212706
	72 1632422 1732633 744379
	73 1509647 3517142 1531160
	74 1444796 2959635 3539186
	75 754941 800831 1648810
	76 1208407 3308805 734039
	77 1115519 396656 750371
	78 698265 1862373 2665392
	79 1521671 3074280 417204
	80 447742 1739415 2204910
	81 559385 2251480 1033811
	82 908240 2504000 931551
	83 850397 801592 1491309
	84 227483 1073901 617447
	85 224380 1033819 314085
	86 354912 1143757 1141253
	87 386615 642110 140411
	88 1447644 1268979 2097184
	89 1152507 567317 203705
	90 1238563 1208175 1159272
	91 1133930 1950066 1212931
	92 1865097 2015006 1007429
	93 749009 465866 3924104
	94 579847 2965546 1034045
	95 990571 4478582 389401
	96 797520 1327521 1973950
	97 2243350 2565921 2458372
	98 375872 1568392 1148103
	99 600390 1018269 1939293
	100 216030 298200 915053
;
param Q :  1 2 3 := 
	1 635349 4601026 167993
	2 1323 9898 1342
	3 195241 64618 1106
	4 2178 496 95800
	5 114079 163085 68948
	6 164482 352063 17706
	7 140875 19098 2700
	8 130717 28139 2756
	9 20028 11397 31191
	10 924 7161 2875
	11 439096 192652 144054
	12 1071 8948 9113
	13 12576 45768 4740
	14 2463 1071 6449
	15 2403 518 139785
	16 37860 27800 324914
	17 45048 6988 24746
	18 43113 93943 38502
	19 302688 1681107 267502
	20 4095 13407 561063
	21 214778 504453 14098
	22 5268 2961 374527
	23 91122 439351 103372
	24 25398 61520 2332
	25 1086 8955 12203
	26 18351 44440 24113
	27 8574 42545 17323
	28 158452 107725 8908
	29 45411 128066 402209
	30 349812 64564 5198
	31 4662 6421 19059
	32 47088 25224 116995
	33 445273 159541 49151
	34 1347 4543 29153
	35 199081 1350827 11245
	36 9438 22577 7329
	37 4404 10149 12033
	38 810914 694073 1775
	39 104704 20047 43675
	40 32517 7783 13110
	41 4158 3183 929824
	42 9729 22475 16376
	43 3663 5784 318782
	44 1485 509 154422
	45 329241 2391177 37686
	46 54204 9141 14083
	47 174400 51385 20441
	48 243665 212300 16685
	49 15366 3722 4152
	50 144262 1224953 3289
	51 1128 964 323199
	52 27231 9664 46831
	53 101179 18954 4712
	54 2028 3718 75930
	55 1716 13862 38180
	56 86805 25818 2364
	57 505103 339163 289677
	58 5334 722 72230
	59 23310 17980 77611
	60 98979 79467 1818
	61 1602 3086 124199
	62 1677 10047 265530
	63 706864 1431839 727793
	64 9681 2343 3078
	65 536756 2876399 172781
	66 557957 2772266 13873
	67 17490 4770 22929
	68 21810 4509 717713
	69 9951 10392 67903
	70 1224 6997 1180
	71 3255 20468 7619
	72 4377 1828 50973
	73 3213 3252 33151
	74 2844 991 63347
	75 2643 491 9537
	76 248243 89790 11066
	77 51039 27564 4603
	78 62361 291071 22685
	79 53430 32207 1386
	80 2184 5889 209014
	81 789664 2836358 22553
	82 130639 181268 85671
	83 8142 12861 3026
	84 34755 5364 864323
	85 699579 104185 29217
	86 1128 6303 5335
	87 27267 36369 3155
	88 25074 27458 869555
	89 31896 34590 2686
	90 3510 919 12848
	91 4512 6470 346626
	92 1956 4416 1108
	93 9213 16047 197143
	94 108280 47057 154429
	95 118732 78978 10455
	96 8463 6954 209674
	97 245108 64920 208401
	98 3513 11985 237328
	99 2097 11220 2246
	100 388149 260206 10261
	101 1731 12312 78662
	102 3453 13274 126969
	103 699780 571256 786507
	104 1383 402 11754
	105 3045 1699 7687
	106 5142 18691 2852
	107 27261 30737 539033
	108 149728 401622 5174
	109 1212 4849 48725
	110 21261 11004 2860
	111 38667 145683 12980
	112 1119 207 3633
	113 42798 19071 8528
	114 1413 3769 9106
	115 1878 689 16776
	116 567812 228676 102104
	117 147760 164139 3176
	118 141943 261061 12948
	119 487213 346404 2112
	120 9210 7682 43993
	121 12924 21947 1501
	122 1671 310 33771
	123 4209 30053 81783
	124 128146 239055 7758
	125 63663 45651 1092
	126 32526 15042 1219
	127 33579 4516 17339
	128 92502 124099 48023
	129 30735 6451 16549
	130 43017 330412 20772
	131 51444 17709 23830
	132 68004 20830 114601
	133 2358 3127 1946
	134 864035 2913756 324085
	135 1350 2019 136102
	136 14046 11629 76426
	137 98151 17244 1206
	138 978 285 160633
	139 1680 4409 21009
	140 4050 24254 81976
	141 6489 18415 1920
	142 313512 2053104 15215
	143 395136 436856 382787
	144 1629 2051 10436
	145 7491 3694 107111
	146 2655 7840 120540
	147 487357 148181 50603
	148 1494 1035 3392
	149 12819 2626 14136
	150 6795 2874 38404
	151 74283 32674 148745
	152 12468 25299 6228
	153 31287 44330 3937
	154 318981 919909 823226
	155 16404 3038 719945
	156 201290 888806 2887
	157 6384 7657 230741
	158 323772 2507596 92462
	159 455542 311224 1691
	160 3615 8275 1883
	161 5235 11707 49711
	162 1854 323 32872
	163 4386 4364 504196
	164 5301 1644 115256
	165 11322 2063 6757
	166 655704 329715 8559
	167 257660 60481 225259
	168 487159 112758 388962
	169 9714 57540 284159
	170 1449 2981 17477
	171 1251 384 9418
	172 5739 42099 260494
	173 23259 9335 123085
	174 22335 46352 1175
	175 199060 60237 31320
	176 153358 159605 96095
	177 14628 16721 574937
	178 2448 5228 37183
	179 669804 1177390 50263
	180 380760 152761 46997
	181 1656 3067 192439
	182 45897 290169 5046
	183 94251 82492 21530
	184 6051 1177 513046
	185 440041 1241951 12404
	186 305385 401350 86522
	187 14187 10231 1425
	188 340734 2033768 2033
	189 236375 807048 513264
	190 23355 19507 329234
	191 152194 631433 13706
	192 44529 15821 467078
	193 462643 451844 33403
	194 20757 3537 112617
	195 289466 183410 442558
	196 13455 4500 2785
	197 95511 241978 22656
	198 737242 180313 80468
	199 55056 52146 29575
	200 1335 7622 9638
	201 34635 184338 274837
	202 84333 330154 89837
	203 35943 86327 120808
	204 51858 287816 7513
	205 918 467 415088
	206 6177 1143 4124
	207 37884 15585 51874
	208 34677 121226 9855
	209 212774 141001 1978
	210 4881 951 2341
	211 63699 9361 5012
	212 1569 719 40115
	213 27600 115470 65350
	214 1188 1071 2543
	215 1233 6679 1411
	216 18192 37193 122228
	217 230210 207657 6263
	218 91953 719931 79966
	219 14094 20164 1036
	220 2292 5085 305709
	221 1422 3034 4315
	222 264677 1686946 25418
	223 225713 31907 36332
	224 16254 105122 7323
	225 1572 1851 14912
	226 1464 3180 28699
	227 2157 4073 15283
	228 3177 20698 169844
	229 398178 102313 18220
	230 281699 43909 99240
	231 1527 725 4138
	232 47760 15552 396533
	233 21381 47834 276436
	234 1419 511 208321
	235 32958 9562 774373
	236 213212 269324 39008
	237 160606 202527 4157
	238 2427 3508 223498
	239 11397 75792 7261
	240 95592 18768 123489
	241 471991 64363 60537
	242 1740 2790 244959
	243 181831 104279 1122
	244 181849 60043 1042
	245 4587 32016 8399
	246 34419 42744 33903
	247 241553 47320 38772
	248 4626 2279 154512
	249 3891 784 11081
	250 129703 188798 44168
	251 3870 3614 11886
	252 4884 4922 501654
	253 3993 5743 200092
	254 1800 314 33022
	255 12744 22935 12359
	256 245309 81880 3952
	257 9699 56619 12567
	258 721000 5639243 15785
	259 26337 6451 64310
	260 1281 8473 1038
	261 535133 835446 28600
	262 7005 12111 418248
	263 1797 3297 11558
	264 224270 145643 277218
	265 275009 401883 14070
	266 855728 3190551 2824
	267 25935 16510 544170
	268 196183 149246 86899
	269 14988 2384 33908
	270 3231 13749 1883
	271 8385 3548 9015
	272 567593 781808 4083
	273 9789 2935 35450
	274 14757 42030 409669
	275 564254 105146 310046
	276 85530 12380 119403
	277 960 529 13205
	278 431020 1450329 36176
	279 24183 94145 230541
	280 3021 9557 1773
	281 1242 533 278882
	282 1788 4116 19836
	283 2865 1058 264615
	284 9528 1986 152898
	285 466357 67259 264457
	286 75669 568725 3350
	287 93009 26860 83496
	288 40128 184204 791547
	289 4737 19198 33105
	290 362751 3040568 73519
	291 3189 12986 1551
	292 12057 57673 2519
	293 28728 15623 12999
	294 2301 487 14506
	295 169435 80166 67654
	296 14280 10245 1831
	297 104053 128643 2781
	298 19329 64292 3887
	299 211979 627765 164635
	300 659463 190112 450284
	301 359805 572480 698105
	302 138682 59477 31145
	303 3858 4289 695801
	304 452281 61949 999971
	305 39489 11836 1026
	306 1515 479 16928
	307 17178 70044 152688
	308 1527 2748 24062
	309 68313 85150 234136
	310 133768 69966 82732
	311 14865 30285 14899
	312 72138 12812 252563
	313 51231 61274 463460
	314 175093 46731 483409
	315 116956 33207 19264
	316 134521 539605 123139
	317 13407 40789 124558
	318 454810 3602981 351529
	319 12723 3622 9548
	320 102379 26743 4713
	321 960 6668 692645
	322 743776 4885541 912278
	323 8880 23612 4860
	324 86034 399079 9384
	325 9903 75435 8843
	326 16119 7651 392377
	327 1275 6993 121385
	328 21696 5925 168385
	329 4158 8990 140861
	330 456844 94442 94163
	331 6357 3347 812688
	332 28752 5131 10738
	333 35817 62613 2484
	334 61725 48516 564283
	335 59619 27481 34983
	336 16365 129155 614949
	337 323634 92435 973013
	338 1473 2365 308215
	339 187006 1347176 10514
	340 43686 10778 30363
	341 11148 75980 3657
	342 65244 15985 722347
	343 58764 82334 830316
	344 322353 135801 106496
	345 1560 3561 3489
	346 2274 587 1618
	347 6987 9004 484240
	348 21546 52034 7506
	349 2523 984 28392
	350 56382 7631 298515
	351 3138 13914 193389
	352 776473 233178 47686
	353 872852 1415784 4946
	354 1053 3569 309796
	355 114067 148286 159452
	356 350694 568481 2650
	357 633630 793376 1402
	358 467350 2515661 2741
	359 34614 6029 18154
	360 6624 2034 410794
	361 34620 9100 45270
	362 671859 1819132 2372
	363 18156 35697 1714
	364 1962 2482 442088
	365 16998 3333 51569
	366 1725 1751 3062
	367 2535 3132 57960
	368 45432 28180 26993
	369 226166 176675 14587
	370 4386 2560 353324
	371 1410 347 39479
	372 152269 1183113 86882
	373 810665 601095 275851
	374 24276 24184 6518
	375 1833 8677 32437
	376 1740 1196 18217
	377 333777 64762 86211
	378 158953 169242 57684
	379 2889 712 38514
	380 6507 1788 16667
	381 1365 9310 6385
	382 1698 1088 8063
	383 128320 21551 1675
	384 54654 27809 2340
	385 252728 718410 609257
	386 4917 2166 856212
	387 6369 2016 12367
	388 3582 1324 41168
	389 41775 93578 178349
	390 975 3271 1235
	391 1554 13230 21848
	392 29739 129591 183505
	393 17373 3541 419895
	394 47499 85080 58830
	395 171373 239913 4198
	396 334665 110847 9063
	397 10104 7600 159133
	398 4458 15461 15963
	399 434914 2244068 13225
	400 97173 30320 33325
	401 2523 3824 216545
	402 29319 8436 6450
	403 10674 11640 3507
	404 1479 1302 21647
	405 3264 11427 13634
	406 116776 58833 17135
	407 2643 14981 12595
	408 15858 121533 9197
	409 4305 1312 246775
	410 6624 2317 213457
	411 111283 643366 54564
	412 723289 244007 1117
	413 9981 29332 2169
	414 10632 1464 4804
	415 4197 875 84324
	416 246521 648096 354563
	417 101002 597129 250001
	418 2130 14632 178045
	419 32838 6408 727179
	420 548933 269888 73696
	421 166423 98507 777392
	422 39624 5647 262966
	423 65697 289076 8324
	424 12567 1972 1059
	425 1209 2192 5345
	426 465628 383784 754316
	427 25176 14337 4100
	428 71538 455884 1717
	429 969 283 1232
	430 717547 99239 171174
	431 120040 17082 13880
	432 6891 6720 25968
	433 109321 177790 8713
	434 4569 26229 7592
	435 142240 28859 442827
	436 3120 14718 100433
	437 74763 45063 302090
	438 11961 2299 21171
	439 514202 641165 220648
	440 576167 1236290 790209
	441 2829 11848 287010
	442 181831 169418 81478
	443 16281 17632 16281
	444 35916 24788 153848
	445 3714 1569 14226
	446 15039 33393 8089
	447 2937 697 491673
	448 41355 51884 693222
	449 1539 946 653216
	450 1128 2144 10309
	451 110050 169895 805095
	452 24249 6822 1125
	453 209852 212375 1746
	454 624354 4847487 349166
	455 906 1808 305861
	456 112090 168182 5623
	457 866129 205583 936405
	458 14280 54082 1589
	459 874994 173513 7198
	460 70626 213288 1371
	461 25650 12136 45518
	462 4026 5538 28848
	463 1140 213 1133
	464 6705 39869 134804
	465 130000 209798 4412
	466 401899 266422 187489
	467 7512 5605 4513
	468 857501 5288135 1251
	469 3708 821 3813
	470 4353 24763 524213
	471 2796 6366 163087
	472 3909 6343 2626
	473 4065 6941 633861
	474 78468 40789 9251
	475 6453 4184 1267
	476 205541 382324 11448
	477 69450 575448 1881
	478 54015 229371 1925
	479 1992 7956 203646
	480 1464 10459 219504
	481 38634 47068 1970
	482 1611 487 16607
	483 28290 24548 4106
	484 3015 21847 757551
	485 29883 23082 1094
	486 16143 4103 156055
	487 39777 231619 1219
	488 134230 683262 383892
	489 33756 14200 7416
	490 930 886 546546
	491 23757 15562 32307
	492 298259 358840 540835
	493 2883 541 407380
	494 53541 38798 942820
	495 22239 33138 101492
	496 2019 4884 14592
	497 177025 428440 615478
	498 114286 26766 669248
	499 236819 513166 9061
	500 6276 2146 40939
	501 1011 550 15289
	502 3993 15876 991165
	503 3300 767 12148
	504 13836 51496 535612
	505 4920 11349 1381
	506 2673 446 372201
	507 1902 1048 984426
	508 23283 172308 11100
	509 3774 18099 2582
	510 1674 256 2077
	511 239384 76623 136724
	512 2667 7016 22095
	513 46083 90723 20959
	514 448225 62147 2043
	515 15714 56327 3166
	516 1983 291 86193
	517 82173 13135 14248
	518 3873 6044 1508
	519 156553 77648 443456
	520 407209 415593 2612
	521 4530 2221 968062
	522 3300 2794 7428
	523 1335 1564 1313
	524 2991 8517 7259
	525 184870 1016323 197132
	526 1764 1918 375281
	527 13038 10956 72619
	528 110545 103317 19441
	529 92967 683968 521991
	530 217634 693539 2427
	531 169864 1442974 1844
	532 38028 28116 94723
	533 53217 11529 25409
	534 1212 2855 12256
	535 27348 3863 725810
	536 5589 23671 244227
	537 35049 45332 3635
	538 41502 149192 191907
	539 121531 24643 1272
	540 490471 114294 46697
	541 446944 226575 322282
	542 59328 27244 13729
	543 825293 988325 36664
	544 20304 17783 9299
	545 4437 9754 810847
	546 15471 13939 20151
	547 198403 65899 44384
	548 6864 15269 25958
	549 6483 5546 12101
	550 14361 38318 137592
	551 1242 333 439037
	552 11292 11954 196682
	553 5682 7607 577325
	554 5262 34526 1530
	555 54879 13106 29899
	556 5604 4198 12351
	557 373962 1792296 86667
	558 61458 81766 496383
	559 1377 2818 288487
	560 15723 4731 19471
	561 2958 14536 1928
	562 490318 295499 20307
	563 58188 268323 5329
	564 15783 14871 3019
	565 2268 386 493212
	566 1851 772 15947
	567 4914 8290 16011
	568 586592 274117 1394
	569 154825 1186848 101892
	570 1425 4558 46196
	571 120031 444920 15516
	572 228074 61989 13711
	573 9813 9075 14268
	574 108514 295273 413554
	575 816377 2063707 54867
	576 3759 14079 1136
	577 274733 872866 14426
	578 14634 10701 993041
	579 427420 81311 574818
	580 2511 453 144121
	581 3210 2314 17438
	582 5316 8629 7189
	583 9372 1565 26857
	584 128764 38856 8105
	585 211418 1629945 313012
	586 360090 86454 1474
	587 260630 118979 11616
	588 19836 9631 1430
	589 1089 1423 1046
	590 45516 10960 26227
	591 96594 17730 1796
	592 9228 1951 6785
	593 609381 332298 761631
	594 214607 1707077 48025
	595 80718 169390 257344
	596 4557 3146 1463
	597 26601 20288 56997
	598 3942 12472 5435
	599 3294 668 2356
	600 220958 126110 42562
	601 82332 80403 886393
	602 10734 2121 5361
	603 3345 614 5209
	604 8820 18108 4181
	605 8703 8436 8595
	606 186049 254405 1318
	607 29403 91959 4390
	608 41400 143731 512826
	609 15267 53874 1189
	610 3552 809 12167
	611 311655 55183 149238
	612 43677 5961 1957
	613 9624 9370 992711
	614 3621 12010 537289
	615 40068 8105 19872
	616 13632 28396 1096
	617 257264 448657 1508
	618 209747 63576 141102
	619 7932 5648 402276
	620 334866 481026 51053
	621 128980 392750 3569
	622 157240 63249 56482
	623 879743 198951 80822
	624 1857 6375 25770
	625 39051 10183 5776
	626 4857 40009 27840
	627 50025 27639 15649
	628 45774 96348 8747
	629 380823 1425243 16747
	630 140845 120801 2396
	631 231947 1720941 184909
	632 15396 80460 50096
	633 21600 29414 836540
	634 9099 2499 203983
	635 47274 8001 1529
	636 41814 338568 3974
	637 25350 15424 759765
	638 7812 2208 20733
	639 22944 133049 20843
	640 744334 299504 16483
	641 1188 8605 6093
	642 17454 137588 99493
	643 1941 315 29704
	644 3864 14571 386256
	645 327009 363785 755056
	646 9474 12933 34907
	647 69042 10933 156812
	648 64017 42228 6307
	649 104515 370426 2777
	650 851516 3859469 1411
	651 359931 360873 12709
	652 15834 5613 25233
	653 3891 1670 3597
	654 1305 5677 68660
	655 52494 8747 239457
	656 903 3027 1554
	657 607635 153377 72010
	658 368844 113847 87510
	659 2064 589 38991
	660 19218 72619 767984
	661 85032 57634 35041
	662 75951 35795 646656
	663 103678 57443 64736
	664 552188 2375939 5724
	665 308430 1613387 785874
	666 1848 8517 427385
	667 4395 835 1658
	668 2913 3304 2521
	669 7749 21886 23409
	670 565040 178655 3501
	671 43764 332671 67966
	672 46281 113823 927762
	673 1047 321 99959
	674 1803 8403 47667
	675 3549 1672 83115
	676 632754 1598003 20071
	677 315783 72710 151513
	678 205913 129916 30771
	679 8259 32665 497603
	680 1638 1808 53646
	681 1485 221 5150
	682 3390 23236 8994
	683 559952 1126140 17075
	684 16842 11012 60569
	685 5121 2359 4984
	686 169231 81604 379958
	687 2922 5342 3616
	688 595382 627406 3770
	689 142465 703230 138394
	690 21159 23858 70781
	691 626139 1143065 2236
	692 76053 11611 38031
	693 462682 398971 868328
	694 217037 487524 4272
	695 8889 1683 15756
	696 2466 5518 8119
	697 4275 35575 221867
	698 3654 1633 284684
	699 21282 60775 9943
	700 41163 77205 6198
	701 11439 82017 403908
	702 60399 87199 9817
	703 129544 425656 7853
	704 65130 400428 1005
	705 2526 1575 82511
	706 102166 146075 94491
	707 6372 1957 9191
	708 1764 3977 40608
	709 148018 505195 9362
	710 1599 359 2307
	711 15231 12758 12328
	712 23319 13719 4610
	713 18015 44315 5242
	714 9171 34635 11788
	715 4338 1606 89603
	716 24333 29342 123310
	717 4419 21432 1014
	718 743632 100163 150358
	719 2346 1767 215379
	720 92181 335559 1730
	721 33489 10486 11518
	722 261398 88390 50522
	723 22236 63674 21727
	724 86397 139135 336504
	725 577565 924600 8178
	726 1851 1271 289674
	727 945 5450 28337
	728 4374 5585 52212
	729 1632 4883 22643
	730 4119 2133 4650
	731 12651 1836 23597
	732 3831 1245 38837
	733 63522 43970 568950
	734 13449 50000 26050
	735 6189 14559 770925
	736 7863 24045 32112
	737 89523 160860 282861
	738 4971 2449 11175
	739 11607 34628 446716
	740 1542 231 55059
	741 256112 193529 28621
	742 2655 3105 573477
	743 13632 19547 3092
	744 77718 160027 4312
	745 1428 12099 110296
	746 102778 15696 48893
	747 8619 62764 1800
	748 6627 14855 8313
	749 220712 1681447 2710
	750 119221 391999 1812
	751 2937 4089 3851
	752 269024 150767 34683
	753 54660 46891 16099
	754 10722 51205 1764
	755 17403 10369 56242
	756 178351 33140 132349
	757 289643 1812835 36754
	758 22689 74822 549573
	759 177487 61878 174154
	760 43260 17098 730866
	761 314388 1112748 51093
	762 2952 19472 574569
	763 49203 216609 98707
	764 1524 11844 4845
	765 2163 3892 682411
	766 13647 6111 393739
	767 6252 16093 13251
	768 906 132 820684
	769 273794 40485 612401
	770 990 3538 57412
	771 1176 6087 27060
	772 49614 90846 65594
	773 32880 7905 46500
	774 7578 16083 41363
	775 837464 2432110 15790
	776 371394 773069 334923
	777 9261 2504 2632
	778 18336 2536 97342
	779 15489 26706 235087
	780 55707 34115 182630
	781 413503 153805 103341
	782 826913 640404 135147
	783 3393 1384 4010
	784 25176 83974 1886
	785 2424 631 531220
	786 302355 537022 1524
	787 640251 606716 317897
	788 157120 173345 2109
	789 214304 29078 110224
	790 24690 42504 4484
	791 88491 20645 890594
	792 189283 985173 688103
	793 550685 1447408 154260
	794 135205 30993 15972
	795 162130 543016 421115
	796 220583 133574 256437
	797 41937 18852 351563
	798 248231 326387 14699
	799 140872 47567 139095
	800 4113 12502 1203
	801 101767 261953 173768
	802 5700 925 5409
	803 5964 9303 812813
	804 161614 300967 20103
	805 5571 21779 18034
	806 769579 186318 47338
	807 2208 8097 931878
	808 183559 26915 5785
	809 51027 28109 11350
	810 4554 778 86394
	811 244940 1291679 229965
	812 1077 723 26585
	813 37125 166120 34801
	814 3564 16483 3690
	815 1890 467 145075
	816 24213 4395 457269
	817 1497 1952 734959
	818 789859 108142 771823
	819 2337 1801 123615
	820 9357 13190 1554
	821 816077 5318858 20445
	822 28335 17554 100941
	823 212840 1031230 28511
	824 50250 72905 4467
	825 963 5219 3742
	826 894242 183829 475825
	827 53622 200263 82300
	828 21909 23811 334183
	829 44148 46731 628433
	830 1362 1328 51682
	831 927 1100 117576
	832 1629 4044 336381
	833 35145 62467 7803
	834 6834 1255 138736
	835 188782 42515 2615
	836 360957 1659395 255109
	837 25788 109650 1580
	838 1755 1447 999317
	839 10242 33927 37255
	840 125686 41955 1536
	841 138619 918973 3552
	842 117361 28572 70818
	843 1356 2757 1498
	844 557711 2449260 357357
	845 33552 18599 938998
	846 411829 84715 1374
	847 8334 5104 9712
	848 8718 5148 545782
	849 163174 50120 2946
	850 155662 232409 14852
	851 33861 28858 1309
	852 1089 232 453132
	853 1455 5569 5445
	854 1758 1459 23963
	855 24582 10145 5715
	856 10671 17349 764579
	857 48360 26627 544143
	858 389709 61891 889182
	859 1839 13692 2253
	860 4578 12673 1159
	861 51222 49678 20637
	862 327684 1809069 79754
	863 480880 302192 10836
	864 3537 16806 777696
	865 9723 20573 508992
	866 150451 622329 1269
	867 9867 32341 3130
	868 152659 217148 4711
	869 34686 32973 2792
	870 74841 94757 1642
	871 27516 5926 565008
	872 960 886 989147
	873 44457 284733 39938
	874 32577 115437 117650
	875 548621 815772 595917
	876 4866 2395 2229
	877 7215 8360 369854
	878 27855 5883 142282
	879 83769 391653 663365
	880 3483 1815 190302
	881 416143 1427238 126448
	882 73632 57269 510569
	883 358086 1108522 153465
	884 1458 201 1055
	885 34653 111016 1383
	886 229172 636858 265773
	887 187594 327997 9279
	888 227339 84731 1051
	889 11919 12395 9214
	890 79509 27051 8308
	891 7470 23227 527342
	892 2208 1063 1356
	893 108736 15076 188021
	894 6486 4277 222915
	895 336003 587701 4006
	896 3420 12176 721966
	897 2904 5467 445599
	898 14958 4108 4471
	899 2514 422 911947
	900 3921 2550 1748
	901 332109 465240 9413
	902 235340 865964 777899
	903 1407 7591 273635
	904 19644 3704 59090
	905 801737 186999 4170
	906 446347 118629 366332
	907 4755 8838 2838
	908 4446 35201 6180
	909 14889 10219 650781
	910 30261 58914 975255
	911 1017 3376 354128
	912 3627 24764 9845
	913 1944 982 561379
	914 6945 1436 1413
	915 17544 17907 33138
	916 81525 520139 493204
	917 1548 739 1764
	918 2205 6801 350554
	919 12186 14004 24430
	920 241730 532730 90943
	921 25917 66599 14892
	922 45420 33094 6044
	923 1008 223 26027
	924 2973 14219 3699
	925 180115 314758 165676
	926 7779 2564 5142
	927 2817 3061 325591
	928 1374 216 28241
	929 8970 34009 605471
	930 2049 931 2266
	931 19659 20236 14549
	932 149998 81920 237408
	933 151201 385284 240431
	934 7203 9118 12542
	935 15054 85266 98445
	936 16050 27607 176541
	937 1593 2376 51247
	938 2424 557 34176
	939 64155 149575 25781
	940 1626 2382 692338
	941 25188 103426 25648
	942 1743 724 902279
	943 2736 832 1051
	944 365913 129684 120144
	945 22743 65493 367442
	946 161188 68680 948254
	947 18645 41265 8346
	948 829589 483134 164439
	949 144703 253998 188613
	950 331713 186354 12439
	951 6954 44427 195661
	952 12930 2647 1079
	953 121690 138046 5605
	954 13692 94946 151227
	955 101872 29484 981723
	956 4653 9809 16413
	957 113653 43445 6811
	958 716968 3788625 700458
	959 56253 265748 786554
	960 477877 2607975 34286
	961 92997 19012 125538
	962 6585 6122 3088
	963 34917 82372 2888
	964 1578 816 2945
	965 205409 655957 242305
	966 31206 48201 385183
	967 230228 212077 347722
	968 9120 3980 69804
	969 90900 197879 4247
	970 1050 175 9564
	971 21195 20797 2682
	972 304890 1123786 19127
	973 48897 14146 670684
	974 245780 489054 4564
	975 427450 125103 577691
	976 2142 5895 3331
	977 1881 5575 5777
	978 1017 7402 104570
	979 600861 213362 71758
	980 29958 54699 3704
	981 441298 3621209 1179
	982 678546 1159932 69806
	983 73962 19468 71590
	984 49719 290727 3830
	985 738811 338114 13907
	986 8178 5433 108856
	987 427921 245275 95546
	988 8055 1573 5189
	989 21912 7710 53471
	990 42552 257210 3035
	991 24426 56834 2638
	992 175234 127253 25550
	993 804359 2289501 17950
	994 472627 151093 19505
	995 1452 11259 13845
	996 10632 7650 44702
	997 622872 288601 208326
	998 8553 60112 290458
	999 1815 1853 105083
	1000 14148 2133 2088
;
param nb := 0;
param B1 :=;
param B2 :=;
param B3 :=;
set Dep[1] := 7 9;
set Dep[2] := 1 3 7;
set Dep[3] := 1 6 7 9;
set Dep[4] := 1 2 7 9;
set Dep[5] := 2 6 9;
set Dep[6] := 2 3 9;
set Dep[7] := 1 2 6 9;
set Dep[8] := 2 3 6 7;
set Dep[9] := 2 3 6 7;
set Dep[10] := 4 5 7;
set Dep[11] := 1 2 3 6 7;
set Dep[12] := 1 2 9;
set Dep[13] := 1 2;
set Dep[14] := 1 2 4;
set Dep[15] := 2 3;
set Dep[16] := 1 2 4 6 7 9;
set Dep[17] := 3;
set Dep[18] := 3 7 9;
set Dep[19] := 1 3 9;
set Dep[20] := 1 6 7 9;
set Dep[21] := 1;
set Dep[22] := 3 6 7;
set Dep[23] := 1 2 3 6 9;
set Dep[24] := 3 6 7 9;
set Dep[25] := 1 3 6;
set Dep[26] := 7;
set Dep[27] := 1 2 3 6 7 9;
set Dep[28] := 1 3 6 9;
set Dep[29] := 1 6 9;
set Dep[30] := 1 7 9;
set Dep[31] := 1 2 6;
set Dep[32] := 2 3 5;
set Dep[33] := 2 3 7;
set Dep[34] := 1 2 6;
set Dep[35] := 2 3 6 7;
set Dep[36] := 3 7 9;
set Dep[37] := 1 3;
set Dep[38] := 3 5 6 9;
set Dep[39] := 6 7 9;
set Dep[40] := 6 7;
set Dep[41] := 3;
set Dep[42] := 9;
set Dep[43] := 3 6 7;
set Dep[44] := 1 2 3 7;
set Dep[45] := 1 6 9;
set Dep[46] := 1 2 3 7;
set Dep[47] := 2 3 6 7;
set Dep[48] := 1 3 5 6 7;
set Dep[49] := 2 3 6 7;
set Dep[50] := 1 2 3 4 7 9;
set Dep[51] := 2 3 9;
set Dep[52] := 3 5 9;
set Dep[53] := 1 2 7 9;
set Dep[54] := 1 6 7 9;
set Dep[55] := 3 9;
set Dep[56] := 1 3 6 7 9;
set Dep[57] := 1 3 6 7 9;
set Dep[58] := 3 4 6 9;
set Dep[59] := 2 3 6 9;
set Dep[60] := 1 3;
set Dep[61] := 1 2 3 6 7;
set Dep[62] := 1;
set Dep[63] := 6 7 9;
set Dep[64] := 1 2 6 7 9;
set Dep[65] := 1 2 7 9;
set Dep[66] := 3 6;
set Dep[67] := 1 2 3 6 9;
set Dep[68] := 1 2 3 7;
set Dep[69] := 2 5;
set Dep[70] := 2 3 9;
set Dep[71] := 2 3 7;
set Dep[72] := 1 7 9;
set Dep[73] := 1 2 6 9;
set Dep[74] := 1 2 3 6;
set Dep[75] := 6 7 9;
set Dep[76] := 1 7;
set Dep[77] := 6;
set Dep[78] := 1 9;
set Dep[79] := 2 5 7 9;
set Dep[80] := 3 4 6;
set Dep[81] := 7;
set Dep[82] := 3 6 7 9;
set Dep[83] := 3 5 6 9;
set Dep[84] := 2 9;
set Dep[85] := 1 3;
set Dep[86] := 2 3;
set Dep[87] := 2 5 6 7 8 9;
set Dep[88] := 6 9;
set Dep[89] := 1 3 5 7 9;
set Dep[90] := 1 2 6 7 9;
set Dep[91] := 1 4 9;
set Dep[92] := 1 2 3 5 7 9;
set Dep[93] := 1 3 5 7 10;
set Dep[94] := 2 3 5 6;
set Dep[95] := 1 5 9 10;
set Dep[96] := 1 2 3 5 7;
set Dep[97] := 3 4 6 9;
set Dep[98] := 1 2 3 5 9;
set Dep[99] := 1 2 4 5 7;
set Dep[100] := 2 4 5 6 9;
set Dep[101] :=;
set Dep[102] :=;
set Dep[103] :=;
set Dep[104] :=;
set Dep[105] :=;
set Dep[106] :=;
set Dep[107] :=;
set Dep[108] :=;
set Dep[109] :=;
set Dep[110] :=;
set Dep[111] :=;
set Dep[112] :=;
set Dep[113] :=;
set Dep[114] :=;
set Dep[115] :=;
set Dep[116] :=;
set Dep[117] :=;
set Dep[118] :=;
set Dep[119] :=;
set Dep[120] :=;
set Dep[121] :=;
set Dep[122] :=;
set Dep[123] :=;
set Dep[124] :=;
set Dep[125] :=;
set Dep[126] :=;
set Dep[127] :=;
set Dep[128] :=;
set Dep[129] :=;
set Dep[130] :=;
set Dep[131] :=;
set Dep[132] :=;
set Dep[133] :=;
set Dep[134] :=;
set Dep[135] :=;
set Dep[136] :=;
set Dep[137] :=;
set Dep[138] :=;
set Dep[139] :=;
set Dep[140] :=;
set Dep[141] :=;
set Dep[142] :=;
set Dep[143] :=;
set Dep[144] :=;
set Dep[145] :=;
set Dep[146] :=;
set Dep[147] :=;
set Dep[148] :=;
set Dep[149] :=;
set Dep[150] :=;
set Dep[151] :=;
set Dep[152] :=;
set Dep[153] :=;
set Dep[154] :=;
set Dep[155] :=;
set Dep[156] :=;
set Dep[157] :=;
set Dep[158] :=;
set Dep[159] :=;
set Dep[160] :=;
set Dep[161] :=;
set Dep[162] :=;
set Dep[163] :=;
set Dep[164] :=;
set Dep[165] :=;
set Dep[166] :=;
set Dep[167] :=;
set Dep[168] :=;
set Dep[169] :=;
set Dep[170] :=;
set Dep[171] :=;
set Dep[172] :=;
set Dep[173] :=;
set Dep[174] :=;
set Dep[175] :=;
set Dep[176] :=;
set Dep[177] :=;
set Dep[178] :=;
set Dep[179] :=;
set Dep[180] :=;
set Dep[181] :=;
set Dep[182] :=;
set Dep[183] :=;
set Dep[184] :=;
set Dep[185] :=;
set Dep[186] :=;
set Dep[187] :=;
set Dep[188] :=;
set Dep[189] :=;
set Dep[190] :=;
set Dep[191] :=;
set Dep[192] :=;
set Dep[193] :=;
set Dep[194] :=;
set Dep[195] :=;
set Dep[196] :=;
set Dep[197] :=;
set Dep[198] :=;
set Dep[199] :=;
set Dep[200] :=;
set Dep[201] :=;
set Dep[202] :=;
set Dep[203] :=;
set Dep[204] :=;
set Dep[205] :=;
set Dep[206] :=;
set Dep[207] :=;
set Dep[208] :=;
set Dep[209] :=;
set Dep[210] :=;
set Dep[211] :=;
set Dep[212] :=;
set Dep[213] :=;
set Dep[214] :=;
set Dep[215] :=;
set Dep[216] :=;
param spread := 
	1 12
	2 2
	3 13
	4 5
	5 6
	6 3
	7 15
	8 2
	9 0
	10 0
	11 7
	12 4
	13 1
	14 1
	15 17
	16 1
	17 15
	18 8
	19 4
	20 0
	21 5
	22 8
	23 21
	24 14
	25 10
	26 2
	27 5
	28 5
	29 4
	30 2
	31 15
	32 3
	33 6
	34 10
	35 5
	36 0
	37 8
	38 7
	39 11
	40 20
	41 18
	42 7
	43 0
	44 9
	45 3
	46 1
	47 14
	48 2
	49 3
	50 0
	51 2
	52 1
	53 5
	54 4
	55 10
	56 5
	57 5
	58 0
	59 12
	60 2
	61 6
	62 0
	63 5
	64 0
	65 1
	66 1
	67 2
	68 2
	69 0
	70 2
	71 0
	72 2
	73 0
	74 1
	75 2
	76 2
	77 0
	78 0
	79 0
	80 0
	81 1
	82 0
	83 2
	84 0
	85 0
	86 0
	87 0
	88 1
	89 1
	90 0
	91 1
	92 1
	93 1
	94 0
	95 0
	96 1
	97 2
	98 1
	99 0
	100 0
	101 0
	102 0
	103 0
	104 0
	105 0
	106 0
	107 0
	108 0
	109 0
	110 0
	111 0
	112 0
	113 0
	114 0
	115 0
	116 0
	117 0
	118 0
	119 0
	120 0
	121 0
	122 0
	123 0
	124 0
	125 0
	126 0
	127 0
	128 0
	129 0
	130 0
	131 0
	132 0
	133 0
	134 0
	135 0
	136 0
	137 0
	138 0
	139 0
	140 0
	141 0
	142 0
	143 0
	144 0
	145 0
	146 0
	147 0
	148 0
	149 0
	150 0
	151 0
	152 0
	153 0
	154 0
	155 0
	156 0
	157 0
	158 0
	159 0
	160 0
	161 0
	162 0
	163 0
	164 0
	165 0
	166 0
	167 0
	168 0
	169 0
	170 0
	171 0
	172 0
	173 0
	174 0
	175 0
	176 0
	177 0
	178 0
	179 0
	180 0
	181 0
	182 0
	183 0
	184 0
	185 0
	186 0
	187 0
	188 0
	189 0
	190 0
	191 0
	192 0
	193 0
	194 0
	195 0
	196 0
	197 0
	198 0
	199 0
	200 0
	201 0
	202 0
	203 0
	204 0
	205 0
	206 0
	207 0
	208 0
	209 0
	210 0
	211 0
	212 0
	213 0
	214 0
	215 0
	216 0
;
param PMC := 
	1 1	2 1	3 1	4 1	5 1	6 1	7 1	8 1	9 1	10 1	11 1	12 1	13 1	14 1	15 1	16 1	17 1	18 1	19 1	20 1	21 1	22 1	23 1	24 1	25 1	26 1	27 1	28 1	29 1	30 1	31 1	32 1	33 1	34 1	35 1	36 1	37 1	38 1	39 1	40 1	41 1	42 1	43 1	44 1	45 1	46 1	47 1	48 1	49 1	50 1	51 1	52 1	53 1	54 1	55 1	56 1	57 1	58 1	59 1	60 1	61 1	62 1	63 1	64 1	65 1	66 1	67 1	68 1	69 1	70 1	71 1	72 1	73 1	74 1	75 1	76 1	77 1	78 1	79 1	80 1	81 1	82 1	83 1	84 1	85 1	86 1	87 1	88 1	89 1	90 1	91 1	92 1	93 1	94 1	95 1	96 1	97 1	98 1	99 1	100 1	101 1	102 1	103 1	104 1	105 1	106 1	107 1	108 1	109 1	110 1	111 1	112 1	113 1	114 1	115 1	116 1	117 1	118 1	119 1	120 1	121 1	122 1	123 1	124 1	125 1	126 1	127 1	128 1	129 1	130 1	131 1	132 1	133 1	134 1	135 1	136 1	137 1	138 1	139 1	140 1	141 1	142 1	143 1	144 1	145 1	146 1	147 1	148 1	149 1	150 1	151 1	152 1	153 1	154 1	155 1	156 1	157 1	158 1	159 1	160 1	161 1	162 1	163 1	164 1	165 1	166 1	167 1	168 1	169 1	170 1	171 1	172 1	173 1	174 1	175 1	176 1	177 1	178 1	179 1	180 1	181 1	182 1	183 1	184 1	185 1	186 1	187 1	188 1	189 1	190 1	191 1	192 1	193 1	194 1	195 1	196 1	197 1	198 1	199 1	200 1	201 1	202 1	203 1	204 1	205 1	206 1	207 1	208 1	209 1	210 1	211 1	212 1	213 1	214 1	215 1	216 1	217 1	218 1	219 1	220 1	221 1	222 1	223 1	224 1	225 1	226 1	227 1	228 1	229 1	230 1	231 1	232 1	233 1	234 1	235 1	236 1	237 1	238 1	239 1	240 1	241 1	242 1	243 1	244 1	245 1	246 1	247 1	248 1	249 1	250 1	251 1	252 1	253 1	254 1	255 1	256 1	257 1	258 1	259 1	260 1	261 1	262 1	263 1	264 1	265 1	266 1	267 1	268 1	269 1	270 1	271 1	272 1	273 1	274 1	275 1	276 1	277 1	278 1	279 1	280 1	281 1	282 1	283 1	284 1	285 1	286 1	287 1	288 1	289 1	290 1	291 1	292 1	293 1	294 1	295 1	296 1	297 1	298 1	299 1	300 1	301 1	302 1	303 1	304 1	305 1	306 1	307 1	308 1	309 1	310 1	311 1	312 1	313 1	314 1	315 1	316 1	317 1	318 1	319 1	320 1	321 1	322 1	323 1	324 1	325 1	326 1	327 1	328 1	329 1	330 1	331 1	332 1	333 1	334 1	335 1	336 1	337 1	338 1	339 1	340 1	341 1	342 1	343 1	344 1	345 1	346 1	347 1	348 1	349 1	350 1	351 1	352 1	353 1	354 1	355 1	356 1	357 1	358 1	359 1	360 1	361 1	362 1	363 1	364 1	365 1	366 1	367 1	368 1	369 1	370 1	371 1	372 1	373 1	374 1	375 1	376 1	377 1	378 1	379 1	380 1	381 1	382 1	383 1	384 1	385 1	386 1	387 1	388 1	389 1	390 1	391 1	392 1	393 1	394 1	395 1	396 1	397 1	398 1	399 1	400 1	401 1	402 1	403 1	404 1	405 1	406 1	407 1	408 1	409 1	410 1	411 1	412 1	413 1	414 1	415 1	416 1	417 1	418 1	419 1	420 1	421 1	422 1	423 1	424 1	425 1	426 1	427 1	428 1	429 1	430 1	431 1	432 1	433 1	434 1	435 1	436 1	437 1	438 1	439 1	440 1	441 1	442 1	443 1	444 1	445 1	446 1	447 1	448 1	449 1	450 1	451 1	452 1	453 1	454 1	455 1	456 1	457 1	458 1	459 1	460 1	461 1	462 1	463 1	464 1	465 1	466 1	467 1	468 1	469 1	470 1	471 1	472 1	473 1	474 1	475 1	476 1	477 1	478 1	479 1	480 1	481 1	482 1	483 1	484 1	485 1	486 1	487 1	488 1	489 1	490 1	491 1	492 1	493 1	494 1	495 1	496 1	497 1	498 1	499 1	500 1	501 1	502 1	503 1	504 1	505 1	506 1	507 1	508 1	509 1	510 1	511 1	512 1	513 1	514 1	515 1	516 1	517 1	518 1	519 1	520 1	521 1	522 1	523 1	524 1	525 1	526 1	527 1	528 1	529 1	530 1	531 1	532 1	533 1	534 1	535 1	536 1	537 1	538 1	539 1	540 1	541 1	542 1	543 1	544 1	545 1	546 1	547 1	548 1	549 1	550 1	551 1	552 1	553 1	554 1	555 1	556 1	557 1	558 1	559 1	560 1	561 1	562 1	563 1	564 1	565 1	566 1	567 1	568 1	569 1	570 1	571 1	572 1	573 1	574 1	575 1	576 1	577 1	578 1	579 1	580 1	581 1	582 1	583 1	584 1	585 1	586 1	587 1	588 1	589 1	590 1	591 1	592 1	593 1	594 1	595 1	596 1	597 1	598 1	599 1	600 1	601 1	602 1	603 1	604 1	605 1	606 1	607 1	608 1	609 1	610 1	611 1	612 1	613 1	614 1	615 1	616 1	617 1	618 1	619 1	620 1	621 1	622 1	623 1	624 1	625 1	626 1	627 1	628 1	629 1	630 1	631 1	632 1	633 1	634 1	635 1	636 1	637 1	638 1	639 1	640 1	641 1	642 1	643 1	644 1	645 1	646 1	647 1	648 1	649 1	650 1	651 1	652 1	653 1	654 1	655 1	656 1	657 1	658 1	659 1	660 1	661 1	662 1	663 1	664 1	665 1	666 1	667 1	668 1	669 1	670 1	671 1	672 1	673 1	674 1	675 1	676 1	677 1	678 1	679 1	680 1	681 1	682 1	683 1	684 1	685 1	686 1	687 1	688 1	689 1	690 1	691 1	692 1	693 1	694 1	695 1	696 1	697 1	698 1	699 1	700 1	701 1	702 1	703 1	704 1	705 1	706 1	707 1	708 1	709 1	710 1	711 1	712 1	713 1	714 1	715 1	716 1	717 1	718 1	719 1	720 1	721 1	722 1	723 1	724 1	725 1	726 1	727 1	728 1	729 1	730 1	731 1	732 1	733 1	734 1	735 1	736 1	737 1	738 1	739 1	740 1	741 1	742 1	743 1	744 1	745 1	746 1	747 1	748 1	749 1	750 1	751 1	752 1	753 1	754 1	755 1	756 1	757 1	758 1	759 1	760 1	761 1	762 1	763 1	764 1	765 1	766 1	767 1	768 1	769 1	770 1	771 1	772 1	773 1	774 1	775 1	776 1	777 1	778 1	779 1	780 1	781 1	782 1	783 1	784 1	785 1	786 1	787 1	788 1	789 1	790 1	791 1	792 1	793 1	794 1	795 1	796 1	797 1	798 1	799 1	800 1	801 1	802 1	803 1	804 1	805 1	806 1	807 1	808 1	809 1	810 1	811 1	812 1	813 1	814 1	815 1	816 1	817 1	818 1	819 1	820 1	821 1	822 1	823 1	824 1	825 1	826 1	827 1	828 1	829 1	830 1	831 1	832 1	833 1	834 1	835 1	836 1	837 1	838 1	839 1	840 1	841 1	842 1	843 1	844 1	845 1	846 1	847 1	848 1	849 1	850 1	851 1	852 1	853 1	854 1	855 1	856 1	857 1	858 1	859 1	860 1	861 1	862 1	863 1	864 1	865 1	866 1	867 1	868 1	869 1	870 1	871 1	872 1	873 1	874 1	875 1	876 1	877 1	878 1	879 1	880 1	881 1	882 1	883 1	884 1	885 1	886 1	887 1	888 1	889 1	890 1	891 1	892 1	893 1	894 1	895 1	896 1	897 1	898 1	899 1	900 1	901 1	902 1	903 1	904 1	905 1	906 1	907 1	908 1	909 1	910 1	911 1	912 1	913 1	914 1	915 1	916 1	917 1	918 1	919 1	920 1	921 1	922 1	923 1	924 1	925 1	926 1	927 1	928 1	929 1	930 1	931 1	932 1	933 1	934 1	935 1	936 1	937 1	938 1	939 1	940 1	941 1	942 1	943 1	944 1	945 1	946 1	947 1	948 1	949 1	950 1	951 1	952 1	953 1	954 1	955 1	956 1	957 1	958 1	959 1	960 1	961 1	962 1	963 1	964 1	965 1	966 1	967 1	968 1	969 1	970 1	971 1	972 1	973 1	974 1	975 1	976 1	977 1	978 1	979 1	980 1	981 1	982 1	983 1	984 1	985 1	986 1	987 1	988 1	989 1	990 1	991 1	992 1	993 1	994 1	995 1	996 1	997 1	998 1	999 1	1000 1;
param MMC : 1 2 3 4 5 6 7 8 9 10 11 12 13 14 15 16 17 18 19 20 21 22 23 24 25 26 27 28 29 30 31 32 33 34 35 36 37 38 39 40 41 42 43 44 45 46 47 48 49 50 51 52 53 54 55 56 57 58 59 60 61 62 63 64 65 66 67 68 69 70 71 72 73 74 75 76 77 78 79 80 81 82 83 84 85 86 87 88 89 90 91 92 93 94 95 96 97 98 99 100 := 
	1 0 2 2 1 2 2 2 2 2 2 2 2 0 2 2 2 2 2 2 2 2 2 2 2 2 2 2 2 2 2 1 2 2 2 2 1 2 1 2 1 2 0 1 2 2 2 2 2 1 2 2 1 1 2 2 2 2 1 2 2 2 1 2 2 2 2 2 2 2 2 2 2 2 2 1 2 2 2 1 2 2 2 0 2 2 2 2 2 2 2 2 2 1 2 1 2 1 2 2 2
	2 2 0 1 2 1 1 2 2 1 1 2 2 2 2 2 2 2 2 2 2 0 2 2 2 2 2 2 2 2 2 2 2 2 2 2 2 2 2 2 2 2 2 2 2 2 2 1 2 2 2 1 2 2 2 2 1 2 2 0 2 2 2 2 2 2 2 2 2 1 2 2 2 1 2 2 2 1 1 2 2 2 2 2 2 1 2 2 2 2 1 2 0 2 1 2 2 2 2 2 1
	3 2 1 0 2 0 1 2 2 1 1 2 2 2 2 2 2 2 2 2 2 1 2 2 2 2 2 2 2 2 2 2 2 2 2 2 2 2 2 2 2 2 2 2 2 2 2 1 2 2 2 1 2 2 2 2 1 2 2 1 2 2 2 2 2 2 2 2 2 1 2 2 2 1 2 2 2 1 0 2 2 2 2 2 2 0 2 2 2 2 1 2 1 2 1 2 2 2 2 2 1
	4 1 2 2 0 2 2 2 2 2 2 2 2 1 2 2 2 2 2 2 2 2 2 2 2 2 2 2 2 2 2 1 2 2 2 2 1 2 1 2 1 2 1 1 2 2 2 2 2 1 2 2 1 1 2 2 2 2 0 2 2 2 1 2 2 2 2 2 2 2 2 2 2 2 2 0 2 2 2 1 2 2 2 1 2 2 2 2 2 2 2 2 2 1 2 0 2 1 2 2 2
	5 2 1 0 2 0 1 2 2 1 1 2 2 2 2 2 2 2 2 2 2 1 2 2 2 2 2 2 2 2 2 2 2 2 2 2 2 2 2 2 2 2 2 2 2 2 2 1 2 2 2 1 2 2 2 2 1 2 2 1 2 2 2 2 2 2 2 2 2 1 2 2 2 1 2 2 2 1 0 2 2 2 2 2 2 0 2 2 2 2 1 2 1 2 1 2 2 2 2 2 1
	6 2 1 1 2 1 0 2 2 1 1 2 2 2 2 2 2 2 2 2 2 1 2 2 2 2 2 2 2 2 2 2 2 2 2 2 2 2 2 2 2 2 2 2 2 2 2 1 2 2 2 1 2 2 2 2 1 2 2 1 2 2 2 2 2 2 2 2 2 0 2 2 2 1 2 2 2 0 1 2 2 2 2 2 2 1 2 2 2 2 1 2 1 2 0 2 2 2 2 2 1
	7 2 2 2 2 2 2 0 1 2 2 2 2 2 1 1 2 1 2 2 2 2 2 2 2 0 2 2 1 2 2 2 0 1 2 2 2 2 2 2 2 2 2 2 1 1 0 2 1 2 1 2 2 2 2 2 2 2 2 2 1 2 2 2 1 2 2 2 2 2 2 2 2 2 2 2 2 2 2 2 2 2 2 2 2 2 2 2 1 1 2 1 2 2 2 2 2 2 2 1 2
	8 2 2 2 2 2 2 1 0 2 2 2 2 2 1 1 2 1 2 2 2 2 2 2 2 1 2 2 1 2 2 2 1 1 2 2 2 2 2 2 2 2 2 2 1 0 1 2 1 2 0 2 2 2 2 2 2 2 2 2 1 2 2 2 1 2 2 2 2 2 2 2 2 2 2 2 2 2 2 2 2 2 2 2 2 2 2 2 1 0 2 1 2 2 2 2 2 2 2 1 2
	9 2 1 1 2 1 1 2 2 0 1 2 2 2 2 2 2 2 2 2 2 1 2 2 2 2 2 2 2 2 2 2 2 2 2 2 2 2 2 2 2 2 2 2 2 2 2 0 2 2 2 0 2 2 2 2 0 2 2 1 2 2 2 2 2 2 2 2 2 1 2 2 2 1 2 2 2 1 1 2 2 2 2 2 2 1 2 2 2 2 1 2 1 2 1 2 2 2 2 2 1
	10 2 1 1 2 1 1 2 2 1 0 2 2 2 2 2 2 2 2 2 2 1 2 2 2 2 2 2 2 2 2 2 2 2 2 2 2 2 2 2 2 2 2 2 2 2 2 1 2 2 2 1 2 2 2 2 1 2 2 1 2 2 2 2 2 2 2 2 2 1 2 2 2 0 2 2 2 1 1 2 2 2 2 2 2 1 2 2 2 2 0 2 1 2 1 2 2 2 2 2 0
	11 2 2 2 2 2 2 2 2 2 2 0 1 2 2 2 2 2 1 1 2 2 1 2 2 2 2 2 2 1 2 2 2 2 2 0 2 2 2 1 2 1 2 2 2 2 2 2 2 2 2 2 2 2 2 2 2 2 2 2 2 2 2 1 2 1 1 1 2 2 2 1 1 2 2 2 1 2 2 2 0 2 0 2 2 2 2 2 2 2 2 2 2 2 2 2 1 2 1 2 2
	12 2 2 2 2 2 2 2 2 2 2 1 0 2 2 2 2 2 1 1 2 2 1 2 2 2 2 2 2 0 2 2 2 2 2 1 2 2 2 1 2 0 2 2 2 2 2 2 2 2 2 2 2 2 2 2 2 2 2 2 2 2 2 1 2 1 0 1 2 2 2 1 1 2 2 2 1 2 2 2 1 2 1 2 2 2 2 2 2 2 2 2 2 2 2 2 1 2 1 2 2
	13 0 2 2 1 2 2 2 2 2 2 2 2 0 2 2 2 2 2 2 2 2 2 2 2 2 2 2 2 2 2 1 2 2 2 2 1 2 1 2 1 2 0 1 2 2 2 2 2 1 2 2 1 1 2 2 2 2 1 2 2 2 1 2 2 2 2 2 2 2 2 2 2 2 2 1 2 2 2 1 2 2 2 0 2 2 2 2 2 2 2 2 2 1 2 1 2 1 2 2 2
	14 2 2 2 2 2 2 1 1 2 2 2 2 2 0 1 2 1 2 2 2 2 2 2 2 1 2 2 1 2 2 2 1 0 2 2 2 2 2 2 2 2 2 2 1 1 1 2 1 2 1 2 2 2 2 2 2 2 2 2 1 2 2 2 1 2 2 2 2 2 2 2 2 2 2 2 2 2 2 2 2 2 2 2 2 2 2 2 1 1 2 0 2 2 2 2 2 2 2 0 2
	15 2 2 2 2 2 2 1 1 2 2 2 2 2 1 0 2 0 2 2 2 2 2 2 2 1 2 2 0 2 2 2 1 1 2 2 2 2 2 2 2 2 2 2 1 1 1 2 1 2 1 2 2 2 2 2 2 2 2 2 1 2 2 2 0 2 2 2 2 2 2 2 2 2 2 2 2 2 2 2 2 2 2 2 2 2 2 2 1 1 2 1 2 2 2 2 2 2 2 1 2
	16 2 2 2 2 2 2 2 2 2 2 2 2 2 2 2 0 2 2 2 1 2 2 1 1 2 1 1 2 2 0 2 2 2 1 2 2 1 2 2 2 2 2 2 2 2 2 2 2 2 2 2 2 2 1 0 2 0 2 2 2 1 2 2 2 2 2 2 1 2 1 2 2 2 1 2 2 2 2 2 2 1 2 2 1 2 1 1 2 2 2 2 2 2 2 2 2 2 2 2 2
	17 2 2 2 2 2 2 1 1 2 2 2 2 2 1 0 2 0 2 2 2 2 2 2 2 1 2 2 0 2 2 2 1 1 2 2 2 2 2 2 2 2 2 2 1 1 1 2 1 2 1 2 2 2 2 2 2 2 2 2 1 2 2 2 0 2 2 2 2 2 2 2 2 2 2 2 2 2 2 2 2 2 2 2 2 2 2 2 1 1 2 1 2 2 2 2 2 2 2 1 2
	18 2 2 2 2 2 2 2 2 2 2 1 1 2 2 2 2 2 0 1 2 2 1 2 2 2 2 2 2 1 2 2 2 2 2 1 2 2 2 1 2 1 2 2 2 2 2 2 2 2 2 2 2 2 2 2 2 2 2 2 2 2 2 0 2 0 1 1 2 2 2 1 0 2 2 2 1 2 2 2 1 2 1 2 2 2 2 2 2 2 2 2 2 2 2 2 1 2 1 2 2
	19 2 2 2 2 2 2 2 2 2 2 1 1 2 2 2 2 2 1 0 2 2 0 2 2 2 2 2 2 1 2 2 2 2 2 1 2 2 2 1 2 1 2 2 2 2 2 2 2 2 2 2 2 2 2 2 2 2 2 2 2 2 2 1 2 1 1 1 2 2 2 1 1 2 2 2 0 2 2 2 1 2 1 2 2 2 2 2 2 2 2 2 2 2 2 2 0 2 1 2 2
	20 2 2 2 2 2 2 2 2 2 2 2 2 2 2 2 1 2 2 2 0 2 2 0 1 2 1 1 2 2 1 2 2 2 1 2 2 1 2 2 2 2 2 2 2 2 2 2 2 2 2 2 2 2 0 1 2 1 2 2 2 1 2 2 2 2 2 2 1 2 1 2 2 2 1 2 2 2 2 2 2 0 2 2 1 2 1 1 2 2 2 2 2 2 2 2 2 2 2 2 2
	21 2 0 1 2 1 1 2 2 1 1 2 2 2 2 2 2 2 2 2 2 0 2 2 2 2 2 2 2 2 2 2 2 2 2 2 2 2 2 2 2 2 2 2 2 2 2 1 2 2 2 1 2 2 2 2 1 2 2 0 2 2 2 2 2 2 2 2 2 1 2 2 2 1 2 2 2 1 1 2 2 2 2 2 2 1 2 2 2 2 1 2 0 2 1 2 2 2 2 2 1
	22 2 2 2 2 2 2 2 2 2 2 1 1 2 2 2 2 2 1 0 2 2 0 2 2 2 2 2 2 1 2 2 2 2 2 1 2 2 2 1 2 1 2 2 2 2 2 2 2 2 2 2 2 2 2 2 2 2 2 2 2 2 2 1 2 1 1 1 2 2 2 1 1 2 2 2 0 2 2 2 1 2 1 2 2 2 2 2 2 2 2 2 2 2 2 2 0 2 1 2 2
	23 2 2 2 2 2 2 2 2 2 2 2 2 2 2 2 1 2 2 2 0 2 2 0 1 2 1 1 2 2 1 2 2 2 1 2 2 1 2 2 2 2 2 2 2 2 2 2 2 2 2 2 2 2 0 1 2 1 2 2 2 1 2 2 2 2 2 2 1 2 1 2 2 2 1 2 2 2 2 2 2 0 2 2 1 2 1 1 2 2 2 2 2 2 2 2 2 2 2 2 2
	24 2 2 2 2 2 2 2 2 2 2 2 2 2 2 2 1 2 2 2 1 2 2 1 0 2 1 0 2 2 1 2 2 2 1 2 2 1 2 2 2 2 2 2 2 2 2 2 2 2 2 2 2 2 1 1 2 1 2 2 2 1 2 2 2 2 2 2 1 2 1 2 2 2 0 2 2 2 2 2 2 1 2 2 0 2 1 1 2 2 2 2 2 2 2 2 2 2 2 2 2
	25 2 2 2 2 2 2 0 1 2 2 2 2 2 1 1 2 1 2 2 2 2 2 2 2 0 2 2 1 2 2 2 0 1 2 2 2 2 2 2 2 2 2 2 1 1 0 2 1 2 1 2 2 2 2 2 2 2 2 2 1 2 2 2 1 2 2 2 2 2 2 2 2 2 2 2 2 2 2 2 2 2 2 2 2 2 2 2 1 1 2 1 2 2 2 2 2 2 2 1 2
	26 2 2 2 2 2 2 2 2 2 2 2 2 2 2 2 1 2 2 2 1 2 2 1 1 2 0 1 2 2 1 2 2 2 1 2 2 1 2 2 2 2 2 2 2 2 2 2 2 2 2 2 2 2 1 1 2 1 2 2 2 0 2 2 2 2 2 2 0 2 1 2 2 2 1 2 2 2 2 2 2 1 2 2 1 2 0 1 2 2 2 2 2 2 2 2 2 2 2 2 2
	27 2 2 2 2 2 2 2 2 2 2 2 2 2 2 2 1 2 2 2 1 2 2 1 0 2 1 0 2 2 1 2 2 2 1 2 2 1 2 2 2 2 2 2 2 2 2 2 2 2 2 2 2 2 1 1 2 1 2 2 2 1 2 2 2 2 2 2 1 2 1 2 2 2 0 2 2 2 2 2 2 1 2 2 0 2 1 1 2 2 2 2 2 2 2 2 2 2 2 2 2
	28 2 2 2 2 2 2 1 1 2 2 2 2 2 1 0 2 0 2 2 2 2 2 2 2 1 2 2 0 2 2 2 1 1 2 2 2 2 2 2 2 2 2 2 1 1 1 2 1 2 1 2 2 2 2 2 2 2 2 2 1 2 2 2 0 2 2 2 2 2 2 2 2 2 2 2 2 2 2 2 2 2 2 2 2 2 2 2 1 1 2 1 2 2 2 2 2 2 2 1 2
	29 2 2 2 2 2 2 2 2 2 2 1 0 2 2 2 2 2 1 1 2 2 1 2 2 2 2 2 2 0 2 2 2 2 2 1 2 2 2 1 2 0 2 2 2 2 2 2 2 2 2 2 2 2 2 2 2 2 2 2 2 2 2 1 2 1 0 1 2 2 2 1 1 2 2 2 1 2 2 2 1 2 1 2 2 2 2 2 2 2 2 2 2 2 2 2 1 2 1 2 2
	30 2 2 2 2 2 2 2 2 2 2 2 2 2 2 2 0 2 2 2 1 2 2 1 1 2 1 1 2 2 0 2 2 2 1 2 2 1 2 2 2 2 2 2 2 2 2 2 2 2 2 2 2 2 1 0 2 0 2 2 2 1 2 2 2 2 2 2 1 2 1 2 2 2 1 2 2 2 2 2 2 1 2 2 1 2 1 1 2 2 2 2 2 2 2 2 2 2 2 2 2
	31 1 2 2 1 2 2 2 2 2 2 2 2 1 2 2 2 2 2 2 2 2 2 2 2 2 2 2 2 2 2 0 2 2 2 2 1 2 1 2 1 2 1 1 2 2 2 2 2 1 2 2 0 1 2 2 2 2 1 2 2 2 1 2 2 2 2 2 2 2 2 2 2 2 2 1 2 2 2 0 2 2 2 1 2 2 2 2 2 2 2 2 2 1 2 1 2 0 2 2 2
	32 2 2 2 2 2 2 0 1 2 2 2 2 2 1 1 2 1 2 2 2 2 2 2 2 0 2 2 1 2 2 2 0 1 2 2 2 2 2 2 2 2 2 2 1 1 0 2 1 2 1 2 2 2 2 2 2 2 2 2 1 2 2 2 1 2 2 2 2 2 2 2 2 2 2 2 2 2 2 2 2 2 2 2 2 2 2 2 1 1 2 1 2 2 2 2 2 2 2 1 2
	33 2 2 2 2 2 2 1 1 2 2 2 2 2 0 1 2 1 2 2 2 2 2 2 2 1 2 2 1 2 2 2 1 0 2 2 2 2 2 2 2 2 2 2 1 1 1 2 1 2 1 2 2 2 2 2 2 2 2 2 1 2 2 2 1 2 2 2 2 2 2 2 2 2 2 2 2 2 2 2 2 2 2 2 2 2 2 2 1 1 2 0 2 2 2 2 2 2 2 0 2
	34 2 2 2 2 2 2 2 2 2 2 2 2 2 2 2 1 2 2 2 1 2 2 1 1 2 1 1 2 2 1 2 2 2 0 2 2 0 2 2 2 2 2 2 2 2 2 2 2 2 2 2 2 2 1 1 2 1 2 2 2 1 2 2 2 2 2 2 1 2 0 2 2 2 1 2 2 2 2 2 2 1 2 2 1 2 1 0 2 2 2 2 2 2 2 2 2 2 2 2 2
	35 2 2 2 2 2 2 2 2 2 2 0 1 2 2 2 2 2 1 1 2 2 1 2 2 2 2 2 2 1 2 2 2 2 2 0 2 2 2 1 2 1 2 2 2 2 2 2 2 2 2 2 2 2 2 2 2 2 2 2 2 2 2 1 2 1 1 1 2 2 2 1 1 2 2 2 1 2 2 2 0 2 0 2 2 2 2 2 2 2 2 2 2 2 2 2 1 2 1 2 2
	36 1 2 2 1 2 2 2 2 2 2 2 2 1 2 2 2 2 2 2 2 2 2 2 2 2 2 2 2 2 2 1 2 2 2 2 0 2 1 2 0 2 1 0 2 2 2 2 2 1 2 2 1 1 2 2 2 2 1 2 2 2 1 2 2 2 2 2 2 2 2 2 2 2 2 1 2 2 2 1 2 2 2 1 2 2 2 2 2 2 2 2 2 0 2 1 2 1 2 2 2
	37 2 2 2 2 2 2 2 2 2 2 2 2 2 2 2 1 2 2 2 1 2 2 1 1 2 1 1 2 2 1 2 2 2 0 2 2 0 2 2 2 2 2 2 2 2 2 2 2 2 2 2 2 2 1 1 2 1 2 2 2 1 2 2 2 2 2 2 1 2 0 2 2 2 1 2 2 2 2 2 2 1 2 2 1 2 1 0 2 2 2 2 2 2 2 2 2 2 2 2 2
	38 1 2 2 1 2 2 2 2 2 2 2 2 1 2 2 2 2 2 2 2 2 2 2 2 2 2 2 2 2 2 1 2 2 2 2 1 2 0 2 1 2 1 1 2 2 2 2 2 0 2 2 1 0 2 2 2 2 1 2 2 2 0 2 2 2 2 2 2 2 2 2 2 2 2 1 2 2 2 1 2 2 2 1 2 2 2 2 2 2 2 2 2 1 2 1 2 1 2 2 2
	39 2 2 2 2 2 2 2 2 2 2 1 1 2 2 2 2 2 1 1 2 2 1 2 2 2 2 2 2 1 2 2 2 2 2 1 2 2 2 0 2 1 2 2 2 2 2 2 2 2 2 2 2 2 2 2 2 2 2 2 2 2 2 1 2 1 1 0 2 2 2 0 1 2 2 2 1 2 2 2 1 2 1 2 2 2 2 2 2 2 2 2 2 2 2 2 1 2 0 2 2
	40 1 2 2 1 2 2 2 2 2 2 2 2 1 2 2 2 2 2 2 2 2 2 2 2 2 2 2 2 2 2 1 2 2 2 2 0 2 1 2 0 2 1 0 2 2 2 2 2 1 2 2 1 1 2 2 2 2 1 2 2 2 1 2 2 2 2 2 2 2 2 2 2 2 2 1 2 2 2 1 2 2 2 1 2 2 2 2 2 2 2 2 2 0 2 1 2 1 2 2 2
	41 2 2 2 2 2 2 2 2 2 2 1 0 2 2 2 2 2 1 1 2 2 1 2 2 2 2 2 2 0 2 2 2 2 2 1 2 2 2 1 2 0 2 2 2 2 2 2 2 2 2 2 2 2 2 2 2 2 2 2 2 2 2 1 2 1 0 1 2 2 2 1 1 2 2 2 1 2 2 2 1 2 1 2 2 2 2 2 2 2 2 2 2 2 2 2 1 2 1 2 2
	42 0 2 2 1 2 2 2 2 2 2 2 2 0 2 2 2 2 2 2 2 2 2 2 2 2 2 2 2 2 2 1 2 2 2 2 1 2 1 2 1 2 0 1 2 2 2 2 2 1 2 2 1 1 2 2 2 2 1 2 2 2 1 2 2 2 2 2 2 2 2 2 2 2 2 1 2 2 2 1 2 2 2 0 2 2 2 2 2 2 2 2 2 1 2 1 2 1 2 2 2
	43 1 2 2 1 2 2 2 2 2 2 2 2 1 2 2 2 2 2 2 2 2 2 2 2 2 2 2 2 2 2 1 2 2 2 2 0 2 1 2 0 2 1 0 2 2 2 2 2 1 2 2 1 1 2 2 2 2 1 2 2 2 1 2 2 2 2 2 2 2 2 2 2 2 2 1 2 2 2 1 2 2 2 1 2 2 2 2 2 2 2 2 2 0 2 1 2 1 2 2 2
	44 2 2 2 2 2 2 1 1 2 2 2 2 2 1 1 2 1 2 2 2 2 2 2 2 1 2 2 1 2 2 2 1 1 2 2 2 2 2 2 2 2 2 2 0 1 1 2 0 2 1 2 2 2 2 2 2 2 2 2 0 2 2 2 1 2 2 2 2 2 2 2 2 2 2 2 2 2 2 2 2 2 2 2 2 2 2 2 0 1 2 1 2 2 2 2 2 2 2 1 2
	45 2 2 2 2 2 2 1 0 2 2 2 2 2 1 1 2 1 2 2 2 2 2 2 2 1 2 2 1 2 2 2 1 1 2 2 2 2 2 2 2 2 2 2 1 0 1 2 1 2 0 2 2 2 2 2 2 2 2 2 1 2 2 2 1 2 2 2 2 2 2 2 2 2 2 2 2 2 2 2 2 2 2 2 2 2 2 2 1 0 2 1 2 2 2 2 2 2 2 1 2
	46 2 2 2 2 2 2 0 1 2 2 2 2 2 1 1 2 1 2 2 2 2 2 2 2 0 2 2 1 2 2 2 0 1 2 2 2 2 2 2 2 2 2 2 1 1 0 2 1 2 1 2 2 2 2 2 2 2 2 2 1 2 2 2 1 2 2 2 2 2 2 2 2 2 2 2 2 2 2 2 2 2 2 2 2 2 2 2 1 1 2 1 2 2 2 2 2 2 2 1 2
	47 2 1 1 2 1 1 2 2 0 1 2 2 2 2 2 2 2 2 2 2 1 2 2 2 2 2 2 2 2 2 2 2 2 2 2 2 2 2 2 2 2 2 2 2 2 2 0 2 2 2 0 2 2 2 2 0 2 2 1 2 2 2 2 2 2 2 2 2 1 2 2 2 1 2 2 2 1 1 2 2 2 2 2 2 1 2 2 2 2 1 2 1 2 1 2 2 2 2 2 1
	48 2 2 2 2 2 2 1 1 2 2 2 2 2 1 1 2 1 2 2 2 2 2 2 2 1 2 2 1 2 2 2 1 1 2 2 2 2 2 2 2 2 2 2 0 1 1 2 0 2 1 2 2 2 2 2 2 2 2 2 0 2 2 2 1 2 2 2 2 2 2 2 2 2 2 2 2 2 2 2 2 2 2 2 2 2 2 2 0 1 2 1 2 2 2 2 2 2 2 1 2
	49 1 2 2 1 2 2 2 2 2 2 2 2 1 2 2 2 2 2 2 2 2 2 2 2 2 2 2 2 2 2 1 2 2 2 2 1 2 0 2 1 2 1 1 2 2 2 2 2 0 2 2 1 0 2 2 2 2 1 2 2 2 0 2 2 2 2 2 2 2 2 2 2 2 2 1 2 2 2 1 2 2 2 1 2 2 2 2 2 2 2 2 2 1 2 1 2 1 2 2 2
	50 2 2 2 2 2 2 1 0 2 2 2 2 2 1 1 2 1 2 2 2 2 2 2 2 1 2 2 1 2 2 2 1 1 2 2 2 2 2 2 2 2 2 2 1 0 1 2 1 2 0 2 2 2 2 2 2 2 2 2 1 2 2 2 1 2 2 2 2 2 2 2 2 2 2 2 2 2 2 2 2 2 2 2 2 2 2 2 1 0 2 1 2 2 2 2 2 2 2 1 2
	51 2 1 1 2 1 1 2 2 0 1 2 2 2 2 2 2 2 2 2 2 1 2 2 2 2 2 2 2 2 2 2 2 2 2 2 2 2 2 2 2 2 2 2 2 2 2 0 2 2 2 0 2 2 2 2 0 2 2 1 2 2 2 2 2 2 2 2 2 1 2 2 2 1 2 2 2 1 1 2 2 2 2 2 2 1 2 2 2 2 1 2 1 2 1 2 2 2 2 2 1
	52 1 2 2 1 2 2 2 2 2 2 2 2 1 2 2 2 2 2 2 2 2 2 2 2 2 2 2 2 2 2 0 2 2 2 2 1 2 1 2 1 2 1 1 2 2 2 2 2 1 2 2 0 1 2 2 2 2 1 2 2 2 1 2 2 2 2 2 2 2 2 2 2 2 2 1 2 2 2 0 2 2 2 1 2 2 2 2 2 2 2 2 2 1 2 1 2 0 2 2 2
	53 1 2 2 1 2 2 2 2 2 2 2 2 1 2 2 2 2 2 2 2 2 2 2 2 2 2 2 2 2 2 1 2 2 2 2 1 2 0 2 1 2 1 1 2 2 2 2 2 0 2 2 1 0 2 2 2 2 1 2 2 2 0 2 2 2 2 2 2 2 2 2 2 2 2 1 2 2 2 1 2 2 2 1 2 2 2 2 2 2 2 2 2 1 2 1 2 1 2 2 2
	54 2 2 2 2 2 2 2 2 2 2 2 2 2 2 2 1 2 2 2 0 2 2 0 1 2 1 1 2 2 1 2 2 2 1 2 2 1 2 2 2 2 2 2 2 2 2 2 2 2 2 2 2 2 0 1 2 1 2 2 2 1 2 2 2 2 2 2 1 2 1 2 2 2 1 2 2 2 2 2 2 0 2 2 1 2 1 1 2 2 2 2 2 2 2 2 2 2 2 2 2
	55 2 2 2 2 2 2 2 2 2 2 2 2 2 2 2 0 2 2 2 1 2 2 1 1 2 1 1 2 2 0 2 2 2 1 2 2 1 2 2 2 2 2 2 2 2 2 2 2 2 2 2 2 2 1 0 2 0 2 2 2 1 2 2 2 2 2 2 1 2 1 2 2 2 1 2 2 2 2 2 2 1 2 2 1 2 1 1 2 2 2 2 2 2 2 2 2 2 2 2 2
	56 2 1 1 2 1 1 2 2 0 1 2 2 2 2 2 2 2 2 2 2 1 2 2 2 2 2 2 2 2 2 2 2 2 2 2 2 2 2 2 2 2 2 2 2 2 2 0 2 2 2 0 2 2 2 2 0 2 2 1 2 2 2 2 2 2 2 2 2 1 2 2 2 1 2 2 2 1 1 2 2 2 2 2 2 1 2 2 2 2 1 2 1 2 1 2 2 2 2 2 1
	57 2 2 2 2 2 2 2 2 2 2 2 2 2 2 2 0 2 2 2 1 2 2 1 1 2 1 1 2 2 0 2 2 2 1 2 2 1 2 2 2 2 2 2 2 2 2 2 2 2 2 2 2 2 1 0 2 0 2 2 2 1 2 2 2 2 2 2 1 2 1 2 2 2 1 2 2 2 2 2 2 1 2 2 1 2 1 1 2 2 2 2 2 2 2 2 2 2 2 2 2
	58 1 2 2 0 2 2 2 2 2 2 2 2 1 2 2 2 2 2 2 2 2 2 2 2 2 2 2 2 2 2 1 2 2 2 2 1 2 1 2 1 2 1 1 2 2 2 2 2 1 2 2 1 1 2 2 2 2 0 2 2 2 1 2 2 2 2 2 2 2 2 2 2 2 2 0 2 2 2 1 2 2 2 1 2 2 2 2 2 2 2 2 2 1 2 0 2 1 2 2 2
	59 2 0 1 2 1 1 2 2 1 1 2 2 2 2 2 2 2 2 2 2 0 2 2 2 2 2 2 2 2 2 2 2 2 2 2 2 2 2 2 2 2 2 2 2 2 2 1 2 2 2 1 2 2 2 2 1 2 2 0 2 2 2 2 2 2 2 2 2 1 2 2 2 1 2 2 2 1 1 2 2 2 2 2 2 1 2 2 2 2 1 2 0 2 1 2 2 2 2 2 1
	60 2 2 2 2 2 2 1 1 2 2 2 2 2 1 1 2 1 2 2 2 2 2 2 2 1 2 2 1 2 2 2 1 1 2 2 2 2 2 2 2 2 2 2 0 1 1 2 0 2 1 2 2 2 2 2 2 2 2 2 0 2 2 2 1 2 2 2 2 2 2 2 2 2 2 2 2 2 2 2 2 2 2 2 2 2 2 2 0 1 2 1 2 2 2 2 2 2 2 1 2
	61 2 2 2 2 2 2 2 2 2 2 2 2 2 2 2 1 2 2 2 1 2 2 1 1 2 0 1 2 2 1 2 2 2 1 2 2 1 2 2 2 2 2 2 2 2 2 2 2 2 2 2 2 2 1 1 2 1 2 2 2 0 2 2 2 2 2 2 0 2 1 2 2 2 1 2 2 2 2 2 2 1 2 2 1 2 0 1 2 2 2 2 2 2 2 2 2 2 2 2 2
	62 1 2 2 1 2 2 2 2 2 2 2 2 1 2 2 2 2 2 2 2 2 2 2 2 2 2 2 2 2 2 1 2 2 2 2 1 2 0 2 1 2 1 1 2 2 2 2 2 0 2 2 1 0 2 2 2 2 1 2 2 2 0 2 2 2 2 2 2 2 2 2 2 2 2 1 2 2 2 1 2 2 2 1 2 2 2 2 2 2 2 2 2 1 2 1 2 1 2 2 2
	63 2 2 2 2 2 2 2 2 2 2 1 1 2 2 2 2 2 0 1 2 2 1 2 2 2 2 2 2 1 2 2 2 2 2 1 2 2 2 1 2 1 2 2 2 2 2 2 2 2 2 2 2 2 2 2 2 2 2 2 2 2 2 0 2 0 1 1 2 2 2 1 0 2 2 2 1 2 2 2 1 2 1 2 2 2 2 2 2 2 2 2 2 2 2 2 1 2 1 2 2
	64 2 2 2 2 2 2 1 1 2 2 2 2 2 1 0 2 0 2 2 2 2 2 2 2 1 2 2 0 2 2 2 1 1 2 2 2 2 2 2 2 2 2 2 1 1 1 2 1 2 1 2 2 2 2 2 2 2 2 2 1 2 2 2 0 2 2 2 2 2 2 2 2 2 2 2 2 2 2 2 2 2 2 2 2 2 2 2 1 1 2 1 2 2 2 2 2 2 2 1 2
	65 2 2 2 2 2 2 2 2 2 2 1 1 2 2 2 2 2 0 1 2 2 1 2 2 2 2 2 2 1 2 2 2 2 2 1 2 2 2 1 2 1 2 2 2 2 2 2 2 2 2 2 2 2 2 2 2 2 2 2 2 2 2 0 2 0 1 1 2 2 2 1 0 2 2 2 1 2 2 2 1 2 1 2 2 2 2 2 2 2 2 2 2 2 2 2 1 2 1 2 2
	66 2 2 2 2 2 2 2 2 2 2 1 0 2 2 2 2 2 1 1 2 2 1 2 2 2 2 2 2 0 2 2 2 2 2 1 2 2 2 1 2 0 2 2 2 2 2 2 2 2 2 2 2 2 2 2 2 2 2 2 2 2 2 1 2 1 0 1 2 2 2 1 1 2 2 2 1 2 2 2 1 2 1 2 2 2 2 2 2 2 2 2 2 2 2 2 1 2 1 2 2
	67 2 2 2 2 2 2 2 2 2 2 1 1 2 2 2 2 2 1 1 2 2 1 2 2 2 2 2 2 1 2 2 2 2 2 1 2 2 2 0 2 1 2 2 2 2 2 2 2 2 2 2 2 2 2 2 2 2 2 2 2 2 2 1 2 1 1 0 2 2 2 0 1 2 2 2 1 2 2 2 1 2 1 2 2 2 2 2 2 2 2 2 2 2 2 2 1 2 0 2 2
	68 2 2 2 2 2 2 2 2 2 2 2 2 2 2 2 1 2 2 2 1 2 2 1 1 2 0 1 2 2 1 2 2 2 1 2 2 1 2 2 2 2 2 2 2 2 2 2 2 2 2 2 2 2 1 1 2 1 2 2 2 0 2 2 2 2 2 2 0 2 1 2 2 2 1 2 2 2 2 2 2 1 2 2 1 2 0 1 2 2 2 2 2 2 2 2 2 2 2 2 2
	69 2 1 1 2 1 0 2 2 1 1 2 2 2 2 2 2 2 2 2 2 1 2 2 2 2 2 2 2 2 2 2 2 2 2 2 2 2 2 2 2 2 2 2 2 2 2 1 2 2 2 1 2 2 2 2 1 2 2 1 2 2 2 2 2 2 2 2 2 0 2 2 2 1 2 2 2 0 1 2 2 2 2 2 2 1 2 2 2 2 1 2 1 2 0 2 2 2 2 2 1
	70 2 2 2 2 2 2 2 2 2 2 2 2 2 2 2 1 2 2 2 1 2 2 1 1 2 1 1 2 2 1 2 2 2 0 2 2 0 2 2 2 2 2 2 2 2 2 2 2 2 2 2 2 2 1 1 2 1 2 2 2 1 2 2 2 2 2 2 1 2 0 2 2 2 1 2 2 2 2 2 2 1 2 2 1 2 1 0 2 2 2 2 2 2 2 2 2 2 2 2 2
	71 2 2 2 2 2 2 2 2 2 2 1 1 2 2 2 2 2 1 1 2 2 1 2 2 2 2 2 2 1 2 2 2 2 2 1 2 2 2 0 2 1 2 2 2 2 2 2 2 2 2 2 2 2 2 2 2 2 2 2 2 2 2 1 2 1 1 0 2 2 2 0 1 2 2 2 1 2 2 2 1 2 1 2 2 2 2 2 2 2 2 2 2 2 2 2 1 2 0 2 2
	72 2 2 2 2 2 2 2 2 2 2 1 1 2 2 2 2 2 0 1 2 2 1 2 2 2 2 2 2 1 2 2 2 2 2 1 2 2 2 1 2 1 2 2 2 2 2 2 2 2 2 2 2 2 2 2 2 2 2 2 2 2 2 0 2 0 1 1 2 2 2 1 0 2 2 2 1 2 2 2 1 2 1 2 2 2 2 2 2 2 2 2 2 2 2 2 1 2 1 2 2
	73 2 1 1 2 1 1 2 2 1 0 2 2 2 2 2 2 2 2 2 2 1 2 2 2 2 2 2 2 2 2 2 2 2 2 2 2 2 2 2 2 2 2 2 2 2 2 1 2 2 2 1 2 2 2 2 1 2 2 1 2 2 2 2 2 2 2 2 2 1 2 2 2 0 2 2 2 1 1 2 2 2 2 2 2 1 2 2 2 2 0 2 1 2 1 2 2 2 2 2 0
	74 2 2 2 2 2 2 2 2 2 2 2 2 2 2 2 1 2 2 2 1 2 2 1 0 2 1 0 2 2 1 2 2 2 1 2 2 1 2 2 2 2 2 2 2 2 2 2 2 2 2 2 2 2 1 1 2 1 2 2 2 1 2 2 2 2 2 2 1 2 1 2 2 2 0 2 2 2 2 2 2 1 2 2 0 2 1 1 2 2 2 2 2 2 2 2 2 2 2 2 2
	75 1 2 2 0 2 2 2 2 2 2 2 2 1 2 2 2 2 2 2 2 2 2 2 2 2 2 2 2 2 2 1 2 2 2 2 1 2 1 2 1 2 1 1 2 2 2 2 2 1 2 2 1 1 2 2 2 2 0 2 2 2 1 2 2 2 2 2 2 2 2 2 2 2 2 0 2 2 2 1 2 2 2 1 2 2 2 2 2 2 2 2 2 1 2 0 2 1 2 2 2
	76 2 2 2 2 2 2 2 2 2 2 1 1 2 2 2 2 2 1 0 2 2 0 2 2 2 2 2 2 1 2 2 2 2 2 1 2 2 2 1 2 1 2 2 2 2 2 2 2 2 2 2 2 2 2 2 2 2 2 2 2 2 2 1 2 1 1 1 2 2 2 1 1 2 2 2 0 2 2 2 1 2 1 2 2 2 2 2 2 2 2 2 2 2 2 2 0 2 1 2 2
	77 2 1 1 2 1 0 2 2 1 1 2 2 2 2 2 2 2 2 2 2 1 2 2 2 2 2 2 2 2 2 2 2 2 2 2 2 2 2 2 2 2 2 2 2 2 2 1 2 2 2 1 2 2 2 2 1 2 2 1 2 2 2 2 2 2 2 2 2 0 2 2 2 1 2 2 2 0 1 2 2 2 2 2 2 1 2 2 2 2 1 2 1 2 0 2 2 2 2 2 1
	78 2 1 0 2 0 1 2 2 1 1 2 2 2 2 2 2 2 2 2 2 1 2 2 2 2 2 2 2 2 2 2 2 2 2 2 2 2 2 2 2 2 2 2 2 2 2 1 2 2 2 1 2 2 2 2 1 2 2 1 2 2 2 2 2 2 2 2 2 1 2 2 2 1 2 2 2 1 0 2 2 2 2 2 2 0 2 2 2 2 1 2 1 2 1 2 2 2 2 2 1
	79 1 2 2 1 2 2 2 2 2 2 2 2 1 2 2 2 2 2 2 2 2 2 2 2 2 2 2 2 2 2 0 2 2 2 2 1 2 1 2 1 2 1 1 2 2 2 2 2 1 2 2 0 1 2 2 2 2 1 2 2 2 1 2 2 2 2 2 2 2 2 2 2 2 2 1 2 2 2 0 2 2 2 1 2 2 2 2 2 2 2 2 2 1 2 1 2 0 2 2 2
	80 2 2 2 2 2 2 2 2 2 2 0 1 2 2 2 2 2 1 1 2 2 1 2 2 2 2 2 2 1 2 2 2 2 2 0 2 2 2 1 2 1 2 2 2 2 2 2 2 2 2 2 2 2 2 2 2 2 2 2 2 2 2 1 2 1 1 1 2 2 2 1 1 2 2 2 1 2 2 2 0 2 0 2 2 2 2 2 2 2 2 2 2 2 2 2 1 2 1 2 2
	81 2 2 2 2 2 2 2 2 2 2 2 2 2 2 2 1 2 2 2 0 2 2 0 1 2 1 1 2 2 1 2 2 2 1 2 2 1 2 2 2 2 2 2 2 2 2 2 2 2 2 2 2 2 0 1 2 1 2 2 2 1 2 2 2 2 2 2 1 2 1 2 2 2 1 2 2 2 2 2 2 0 2 2 1 2 1 1 2 2 2 2 2 2 2 2 2 2 2 2 2
	82 2 2 2 2 2 2 2 2 2 2 0 1 2 2 2 2 2 1 1 2 2 1 2 2 2 2 2 2 1 2 2 2 2 2 0 2 2 2 1 2 1 2 2 2 2 2 2 2 2 2 2 2 2 2 2 2 2 2 2 2 2 2 1 2 1 1 1 2 2 2 1 1 2 2 2 1 2 2 2 0 2 0 2 2 2 2 2 2 2 2 2 2 2 2 2 1 2 1 2 2
	83 0 2 2 1 2 2 2 2 2 2 2 2 0 2 2 2 2 2 2 2 2 2 2 2 2 2 2 2 2 2 1 2 2 2 2 1 2 1 2 1 2 0 1 2 2 2 2 2 1 2 2 1 1 2 2 2 2 1 2 2 2 1 2 2 2 2 2 2 2 2 2 2 2 2 1 2 2 2 1 2 2 2 0 2 2 2 2 2 2 2 2 2 1 2 1 2 1 2 2 2
	84 2 2 2 2 2 2 2 2 2 2 2 2 2 2 2 1 2 2 2 1 2 2 1 0 2 1 0 2 2 1 2 2 2 1 2 2 1 2 2 2 2 2 2 2 2 2 2 2 2 2 2 2 2 1 1 2 1 2 2 2 1 2 2 2 2 2 2 1 2 1 2 2 2 0 2 2 2 2 2 2 1 2 2 0 2 1 1 2 2 2 2 2 2 2 2 2 2 2 2 2
	85 2 1 0 2 0 1 2 2 1 1 2 2 2 2 2 2 2 2 2 2 1 2 2 2 2 2 2 2 2 2 2 2 2 2 2 2 2 2 2 2 2 2 2 2 2 2 1 2 2 2 1 2 2 2 2 1 2 2 1 2 2 2 2 2 2 2 2 2 1 2 2 2 1 2 2 2 1 0 2 2 2 2 2 2 0 2 2 2 2 1 2 1 2 1 2 2 2 2 2 1
	86 2 2 2 2 2 2 2 2 2 2 2 2 2 2 2 1 2 2 2 1 2 2 1 1 2 0 1 2 2 1 2 2 2 1 2 2 1 2 2 2 2 2 2 2 2 2 2 2 2 2 2 2 2 1 1 2 1 2 2 2 0 2 2 2 2 2 2 0 2 1 2 2 2 1 2 2 2 2 2 2 1 2 2 1 2 0 1 2 2 2 2 2 2 2 2 2 2 2 2 2
	87 2 2 2 2 2 2 2 2 2 2 2 2 2 2 2 1 2 2 2 1 2 2 1 1 2 1 1 2 2 1 2 2 2 0 2 2 0 2 2 2 2 2 2 2 2 2 2 2 2 2 2 2 2 1 1 2 1 2 2 2 1 2 2 2 2 2 2 1 2 0 2 2 2 1 2 2 2 2 2 2 1 2 2 1 2 1 0 2 2 2 2 2 2 2 2 2 2 2 2 2
	88 2 2 2 2 2 2 1 1 2 2 2 2 2 1 1 2 1 2 2 2 2 2 2 2 1 2 2 1 2 2 2 1 1 2 2 2 2 2 2 2 2 2 2 0 1 1 2 0 2 1 2 2 2 2 2 2 2 2 2 0 2 2 2 1 2 2 2 2 2 2 2 2 2 2 2 2 2 2 2 2 2 2 2 2 2 2 2 0 1 2 1 2 2 2 2 2 2 2 1 2
	89 2 2 2 2 2 2 1 0 2 2 2 2 2 1 1 2 1 2 2 2 2 2 2 2 1 2 2 1 2 2 2 1 1 2 2 2 2 2 2 2 2 2 2 1 0 1 2 1 2 0 2 2 2 2 2 2 2 2 2 1 2 2 2 1 2 2 2 2 2 2 2 2 2 2 2 2 2 2 2 2 2 2 2 2 2 2 2 1 0 2 1 2 2 2 2 2 2 2 1 2
	90 2 1 1 2 1 1 2 2 1 0 2 2 2 2 2 2 2 2 2 2 1 2 2 2 2 2 2 2 2 2 2 2 2 2 2 2 2 2 2 2 2 2 2 2 2 2 1 2 2 2 1 2 2 2 2 1 2 2 1 2 2 2 2 2 2 2 2 2 1 2 2 2 0 2 2 2 1 1 2 2 2 2 2 2 1 2 2 2 2 0 2 1 2 1 2 2 2 2 2 0
	91 2 2 2 2 2 2 1 1 2 2 2 2 2 0 1 2 1 2 2 2 2 2 2 2 1 2 2 1 2 2 2 1 0 2 2 2 2 2 2 2 2 2 2 1 1 1 2 1 2 1 2 2 2 2 2 2 2 2 2 1 2 2 2 1 2 2 2 2 2 2 2 2 2 2 2 2 2 2 2 2 2 2 2 2 2 2 2 1 1 2 0 2 2 2 2 2 2 2 0 2
	92 2 0 1 2 1 1 2 2 1 1 2 2 2 2 2 2 2 2 2 2 0 2 2 2 2 2 2 2 2 2 2 2 2 2 2 2 2 2 2 2 2 2 2 2 2 2 1 2 2 2 1 2 2 2 2 1 2 2 0 2 2 2 2 2 2 2 2 2 1 2 2 2 1 2 2 2 1 1 2 2 2 2 2 2 1 2 2 2 2 1 2 0 2 1 2 2 2 2 2 1
	93 1 2 2 1 2 2 2 2 2 2 2 2 1 2 2 2 2 2 2 2 2 2 2 2 2 2 2 2 2 2 1 2 2 2 2 0 2 1 2 0 2 1 0 2 2 2 2 2 1 2 2 1 1 2 2 2 2 1 2 2 2 1 2 2 2 2 2 2 2 2 2 2 2 2 1 2 2 2 1 2 2 2 1 2 2 2 2 2 2 2 2 2 0 2 1 2 1 2 2 2
	94 2 1 1 2 1 0 2 2 1 1 2 2 2 2 2 2 2 2 2 2 1 2 2 2 2 2 2 2 2 2 2 2 2 2 2 2 2 2 2 2 2 2 2 2 2 2 1 2 2 2 1 2 2 2 2 1 2 2 1 2 2 2 2 2 2 2 2 2 0 2 2 2 1 2 2 2 0 1 2 2 2 2 2 2 1 2 2 2 2 1 2 1 2 0 2 2 2 2 2 1
	95 1 2 2 0 2 2 2 2 2 2 2 2 1 2 2 2 2 2 2 2 2 2 2 2 2 2 2 2 2 2 1 2 2 2 2 1 2 1 2 1 2 1 1 2 2 2 2 2 1 2 2 1 1 2 2 2 2 0 2 2 2 1 2 2 2 2 2 2 2 2 2 2 2 2 0 2 2 2 1 2 2 2 1 2 2 2 2 2 2 2 2 2 1 2 0 2 1 2 2 2
	96 2 2 2 2 2 2 2 2 2 2 1 1 2 2 2 2 2 1 0 2 2 0 2 2 2 2 2 2 1 2 2 2 2 2 1 2 2 2 1 2 1 2 2 2 2 2 2 2 2 2 2 2 2 2 2 2 2 2 2 2 2 2 1 2 1 1 1 2 2 2 1 1 2 2 2 0 2 2 2 1 2 1 2 2 2 2 2 2 2 2 2 2 2 2 2 0 2 1 2 2
	97 1 2 2 1 2 2 2 2 2 2 2 2 1 2 2 2 2 2 2 2 2 2 2 2 2 2 2 2 2 2 0 2 2 2 2 1 2 1 2 1 2 1 1 2 2 2 2 2 1 2 2 0 1 2 2 2 2 1 2 2 2 1 2 2 2 2 2 2 2 2 2 2 2 2 1 2 2 2 0 2 2 2 1 2 2 2 2 2 2 2 2 2 1 2 1 2 0 2 2 2
	98 2 2 2 2 2 2 2 2 2 2 1 1 2 2 2 2 2 1 1 2 2 1 2 2 2 2 2 2 1 2 2 2 2 2 1 2 2 2 0 2 1 2 2 2 2 2 2 2 2 2 2 2 2 2 2 2 2 2 2 2 2 2 1 2 1 1 0 2 2 2 0 1 2 2 2 1 2 2 2 1 2 1 2 2 2 2 2 2 2 2 2 2 2 2 2 1 2 0 2 2
	99 2 2 2 2 2 2 1 1 2 2 2 2 2 0 1 2 1 2 2 2 2 2 2 2 1 2 2 1 2 2 2 1 0 2 2 2 2 2 2 2 2 2 2 1 1 1 2 1 2 1 2 2 2 2 2 2 2 2 2 1 2 2 2 1 2 2 2 2 2 2 2 2 2 2 2 2 2 2 2 2 2 2 2 2 2 2 2 1 1 2 0 2 2 2 2 2 2 2 0 2
	100 2 1 1 2 1 1 2 2 1 0 2 2 2 2 2 2 2 2 2 2 1 2 2 2 2 2 2 2 2 2 2 2 2 2 2 2 2 2 2 2 2 2 2 2 2 2 1 2 2 2 1 2 2 2 2 1 2 2 1 2 2 2 2 2 2 2 2 2 1 2 2 2 0 2 2 2 1 1 2 2 2 2 2 2 1 2 2 2 2 0 2 1 2 1 2 2 2 2 2 0
;
param Lw :=
	1 10
	2 10
	3 10
;
param Bw :=
;
param Pw := 1;
param Sw := 10;
param Mw := 100;
param x0 := 
	1 52
	2 36
	3 54
	4 56
	5 14
	6 50
	7 48
	8 17
	9 45
	10 52
	11 71
	12 71
	13 10
	14 87
	15 75
	16 26
	17 84
	18 35
	19 18
	20 80
	21 79
	22 93
	23 55
	24 76
	25 86
	26 19
	27 9
	28 21
	29 3
	30 11
	31 100
	32 80
	33 96
	34 64
	35 80
	36 92
	37 21
	38 34
	39 1
	40 84
	41 93
	42 80
	43 2
	44 19
	45 81
	46 26
	47 63
	48 29
	49 68
	50 70
	51 86
	52 37
	53 26
	54 40
	55 55
	56 64
	57 51
	58 82
	59 1
	60 35
	61 6
	62 23
	63 97
	64 62
	65 94
	66 82
	67 41
	68 74
	69 55
	70 23
	71 89
	72 58
	73 60
	74 94
	75 12
	76 23
	77 29
	78 36
	79 35
	80 4
	81 33
	82 79
	83 35
	84 41
	85 19
	86 17
	87 71
	88 8
	89 71
	90 12
	91 32
	92 38
	93 56
	94 29
	95 5
	96 95
	97 21
	98 58
	99 58
	100 10
	101 97
	102 3
	103 88
	104 39
	105 23
	106 31
	107 33
	108 36
	109 36
	110 23
	111 9
	112 97
	113 4
	114 51
	115 8
	116 28
	117 47
	118 95
	119 21
	120 29
	121 71
	122 44
	123 63
	124 75
	125 52
	126 64
	127 83
	128 6
	129 48
	130 88
	131 40
	132 89
	133 66
	134 59
	135 79
	136 67
	137 50
	138 13
	139 3
	140 85
	141 92
	142 98
	143 6
	144 100
	145 65
	146 68
	147 55
	148 4
	149 57
	150 42
	151 36
	152 100
	153 62
	154 73
	155 38
	156 29
	157 91
	158 58
	159 92
	160 53
	161 1
	162 65
	163 25
	164 36
	165 89
	166 66
	167 47
	168 57
	169 68
	170 21
	171 10
	172 9
	173 29
	174 56
	175 82
	176 59
	177 15
	178 52
	179 74
	180 83
	181 98
	182 93
	183 31
	184 84
	185 56
	186 56
	187 26
	188 32
	189 61
	190 2
	191 58
	192 99
	193 41
	194 15
	195 88
	196 8
	197 46
	198 73
	199 15
	200 91
	201 68
	202 66
	203 10
	204 46
	205 26
	206 92
	207 34
	208 36
	209 77
	210 13
	211 87
	212 51
	213 100
	214 10
	215 92
	216 95
	217 53
	218 5
	219 26
	220 31
	221 9
	222 78
	223 59
	224 11
	225 39
	226 55
	227 83
	228 53
	229 42
	230 16
	231 41
	232 67
	233 26
	234 92
	235 11
	236 89
	237 82
	238 58
	239 47
	240 48
	241 17
	242 80
	243 34
	244 8
	245 57
	246 9
	247 88
	248 75
	249 2
	250 5
	251 3
	252 38
	253 43
	254 21
	255 82
	256 49
	257 62
	258 63
	259 97
	260 53
	261 13
	262 80
	263 45
	264 3
	265 99
	266 11
	267 26
	268 35
	269 25
	270 75
	271 34
	272 65
	273 40
	274 68
	275 36
	276 80
	277 53
	278 32
	279 46
	280 62
	281 17
	282 63
	283 6
	284 90
	285 97
	286 55
	287 54
	288 49
	289 52
	290 39
	291 90
	292 88
	293 88
	294 37
	295 63
	296 1
	297 46
	298 10
	299 66
	300 45
	301 5
	302 36
	303 28
	304 65
	305 49
	306 65
	307 32
	308 18
	309 30
	310 5
	311 37
	312 78
	313 54
	314 83
	315 61
	316 79
	317 100
	318 73
	319 25
	320 50
	321 20
	322 14
	323 47
	324 78
	325 47
	326 96
	327 58
	328 52
	329 44
	330 64
	331 19
	332 20
	333 47
	334 93
	335 65
	336 48
	337 74
	338 28
	339 22
	340 8
	341 27
	342 37
	343 39
	344 29
	345 35
	346 26
	347 91
	348 40
	349 23
	350 55
	351 38
	352 5
	353 79
	354 78
	355 37
	356 68
	357 91
	358 6
	359 93
	360 94
	361 25
	362 2
	363 58
	364 82
	365 42
	366 47
	367 14
	368 4
	369 95
	370 18
	371 39
	372 84
	373 24
	374 71
	375 45
	376 74
	377 75
	378 40
	379 28
	380 65
	381 4
	382 68
	383 48
	384 5
	385 74
	386 78
	387 8
	388 10
	389 46
	390 69
	391 59
	392 49
	393 99
	394 10
	395 96
	396 4
	397 4
	398 74
	399 29
	400 13
	401 26
	402 43
	403 69
	404 22
	405 75
	406 56
	407 60
	408 79
	409 9
	410 83
	411 68
	412 72
	413 80
	414 64
	415 86
	416 57
	417 40
	418 99
	419 17
	420 39
	421 39
	422 82
	423 58
	424 34
	425 48
	426 97
	427 50
	428 53
	429 73
	430 1
	431 88
	432 73
	433 7
	434 10
	435 8
	436 97
	437 49
	438 100
	439 97
	440 9
	441 35
	442 12
	443 83
	444 99
	445 42
	446 71
	447 12
	448 46
	449 96
	450 36
	451 11
	452 81
	453 37
	454 49
	455 7
	456 68
	457 28
	458 4
	459 6
	460 22
	461 12
	462 65
	463 54
	464 57
	465 15
	466 92
	467 96
	468 61
	469 52
	470 55
	471 73
	472 6
	473 48
	474 4
	475 97
	476 34
	477 35
	478 10
	479 73
	480 70
	481 31
	482 41
	483 96
	484 9
	485 97
	486 15
	487 54
	488 96
	489 81
	490 26
	491 29
	492 60
	493 80
	494 56
	495 63
	496 97
	497 3
	498 35
	499 5
	500 29
	501 10
	502 63
	503 70
	504 96
	505 75
	506 50
	507 66
	508 79
	509 57
	510 86
	511 65
	512 58
	513 46
	514 24
	515 13
	516 27
	517 29
	518 67
	519 81
	520 49
	521 32
	522 23
	523 21
	524 71
	525 74
	526 20
	527 29
	528 27
	529 4
	530 13
	531 64
	532 74
	533 60
	534 43
	535 48
	536 46
	537 9
	538 46
	539 56
	540 76
	541 7
	542 68
	543 25
	544 43
	545 17
	546 47
	547 91
	548 45
	549 70
	550 77
	551 59
	552 75
	553 81
	554 6
	555 18
	556 17
	557 53
	558 19
	559 49
	560 73
	561 12
	562 30
	563 49
	564 85
	565 32
	566 2
	567 100
	568 55
	569 16
	570 65
	571 37
	572 26
	573 36
	574 4
	575 42
	576 40
	577 29
	578 22
	579 52
	580 39
	581 70
	582 3
	583 13
	584 33
	585 65
	586 23
	587 31
	588 59
	589 19
	590 35
	591 39
	592 37
	593 62
	594 15
	595 15
	596 72
	597 12
	598 6
	599 84
	600 79
	601 4
	602 9
	603 46
	604 92
	605 79
	606 48
	607 80
	608 3
	609 35
	610 16
	611 90
	612 60
	613 31
	614 77
	615 65
	616 32
	617 29
	618 37
	619 50
	620 53
	621 47
	622 29
	623 77
	624 18
	625 72
	626 90
	627 68
	628 40
	629 86
	630 74
	631 50
	632 47
	633 17
	634 27
	635 63
	636 10
	637 91
	638 60
	639 92
	640 56
	641 41
	642 54
	643 15
	644 78
	645 78
	646 74
	647 26
	648 93
	649 20
	650 14
	651 14
	652 35
	653 12
	654 78
	655 51
	656 12
	657 33
	658 58
	659 78
	660 88
	661 25
	662 58
	663 49
	664 33
	665 2
	666 51
	667 46
	668 90
	669 29
	670 7
	671 36
	672 19
	673 16
	674 7
	675 17
	676 55
	677 26
	678 8
	679 67
	680 19
	681 32
	682 68
	683 16
	684 12
	685 75
	686 69
	687 15
	688 38
	689 58
	690 17
	691 92
	692 50
	693 5
	694 99
	695 61
	696 62
	697 88
	698 60
	699 26
	700 68
	701 39
	702 100
	703 19
	704 38
	705 34
	706 40
	707 76
	708 47
	709 68
	710 68
	711 48
	712 37
	713 50
	714 91
	715 9
	716 70
	717 10
	718 90
	719 100
	720 75
	721 56
	722 75
	723 10
	724 80
	725 69
	726 9
	727 2
	728 7
	729 9
	730 79
	731 57
	732 98
	733 28
	734 30
	735 86
	736 98
	737 65
	738 10
	739 3
	740 11
	741 38
	742 21
	743 1
	744 89
	745 81
	746 50
	747 55
	748 34
	749 40
	750 24
	751 53
	752 39
	753 32
	754 37
	755 99
	756 87
	757 32
	758 93
	759 39
	760 7
	761 72
	762 28
	763 36
	764 79
	765 33
	766 69
	767 29
	768 2
	769 69
	770 73
	771 25
	772 80
	773 15
	774 51
	775 2
	776 49
	777 19
	778 35
	779 40
	780 36
	781 51
	782 47
	783 16
	784 31
	785 58
	786 72
	787 56
	788 53
	789 93
	790 64
	791 44
	792 90
	793 57
	794 3
	795 44
	796 12
	797 98
	798 96
	799 31
	800 42
	801 41
	802 100
	803 99
	804 14
	805 31
	806 38
	807 11
	808 22
	809 56
	810 68
	811 85
	812 37
	813 10
	814 10
	815 17
	816 37
	817 44
	818 92
	819 98
	820 32
	821 95
	822 99
	823 61
	824 67
	825 14
	826 51
	827 75
	828 69
	829 59
	830 70
	831 92
	832 98
	833 99
	834 98
	835 24
	836 65
	837 75
	838 22
	839 12
	840 24
	841 94
	842 50
	843 34
	844 43
	845 93
	846 50
	847 68
	848 94
	849 40
	850 26
	851 34
	852 17
	853 4
	854 59
	855 16
	856 72
	857 49
	858 17
	859 71
	860 27
	861 71
	862 27
	863 46
	864 64
	865 59
	866 87
	867 5
	868 24
	869 51
	870 54
	871 31
	872 7
	873 7
	874 72
	875 30
	876 19
	877 93
	878 41
	879 13
	880 82
	881 91
	882 100
	883 13
	884 92
	885 46
	886 83
	887 82
	888 56
	889 59
	890 64
	891 48
	892 52
	893 33
	894 74
	895 50
	896 23
	897 4
	898 95
	899 75
	900 46
	901 43
	902 39
	903 14
	904 44
	905 89
	906 93
	907 75
	908 8
	909 37
	910 32
	911 53
	912 37
	913 75
	914 89
	915 34
	916 45
	917 74
	918 32
	919 54
	920 22
	921 95
	922 10
	923 64
	924 28
	925 15
	926 77
	927 51
	928 89
	929 74
	930 82
	931 71
	932 8
	933 46
	934 17
	935 99
	936 26
	937 58
	938 53
	939 68
	940 83
	941 54
	942 3
	943 98
	944 41
	945 62
	946 11
	947 35
	948 54
	949 39
	950 72
	951 73
	952 33
	953 9
	954 96
	955 56
	956 90
	957 4
	958 76
	959 26
	960 53
	961 40
	962 45
	963 29
	964 98
	965 32
	966 97
	967 62
	968 13
	969 6
	970 72
	971 81
	972 57
	973 36
	974 51
	975 48
	976 23
	977 80
	978 18
	979 70
	980 62
	981 42
	982 47
	983 15
	984 3
	985 59
	986 34
	987 23
	988 51
	989 48
	990 17
	991 62
	992 15
	993 21
	994 30
	995 77
	996 83
	997 3
	998 7
	999 8
	1000 4
;
param x1 :=
	1 52
	2 36
	3 54
	4 56
	5 14
	6 50
	7 48
	8 17
	9 45
	10 52
	11 71
	12 71
	13 10
	14 87
	15 75
	16 26
	17 84
	18 35
	19 18
	20 80
	21 79
	22 93
	23 55
	24 76
	25 86
	26 19
	27 9
	28 21
	29 3
	30 11
	31 100
	32 80
	33 96
	34 64
	35 80
	36 92
	37 21
	38 34
	39 1
	40 84
	41 93
	42 80
	43 2
	44 19
	45 81
	46 26
	47 63
	48 29
	49 68
	50 70
	51 86
	52 37
	53 26
	54 40
	55 55
	56 64
	57 51
	58 82
	59 1
	60 35
	61 6
	62 23
	63 97
	64 62
	65 94
	66 82
	67 41
	68 74
	69 55
	70 23
	71 89
	72 58
	73 60
	74 94
	75 12
	76 23
	77 29
	78 36
	79 35
	80 4
	81 33
	82 79
	83 35
	84 41
	85 19
	86 17
	87 71
	88 8
	89 71
	90 12
	91 32
	92 38
	93 56
	94 29
	95 5
	96 95
	97 21
	98 58
	99 58
	100 10
	101 97
	102 3
	103 88
	104 39
	105 23
	106 31
	107 33
	108 36
	109 36
	110 23
	111 9
	112 97
	113 4
	114 51
	115 8
	116 28
	117 47
	118 95
	119 21
	120 29
	121 71
	122 44
	123 63
	124 75
	125 52
	126 64
	127 83
	128 6
	129 48
	130 88
	131 40
	132 89
	133 66
	134 59
	135 79
	136 67
	137 50
	138 13
	139 3
	140 85
	141 92
	142 98
	143 6
	144 100
	145 65
	146 68
	147 55
	148 4
	149 57
	150 42
	151 36
	152 100
	153 62
	154 73
	155 38
	156 29
	157 91
	158 58
	159 92
	160 53
	161 1
	162 65
	163 25
	164 36
	165 89
	166 66
	167 47
	168 57
	169 68
	170 21
	171 10
	172 9
	173 29
	174 56
	175 82
	176 59
	177 15
	178 52
	179 74
	180 83
	181 98
	182 93
	183 31
	184 84
	185 56
	186 56
	187 26
	188 32
	189 61
	190 2
	191 58
	192 99
	193 41
	194 15
	195 88
	196 8
	197 46
	198 73
	199 15
	200 91
	201 68
	202 66
	203 10
	204 46
	205 26
	206 92
	207 34
	208 36
	209 77
	210 13
	211 87
	212 51
	213 100
	214 10
	215 92
	216 95
	217 53
	218 5
	219 26
	220 31
	221 9
	222 78
	223 59
	224 11
	225 39
	226 55
	227 83
	228 53
	229 42
	230 16
	231 41
	232 67
	233 26
	234 92
	235 11
	236 89
	237 82
	238 58
	239 47
	240 48
	241 17
	242 80
	243 34
	244 8
	245 57
	246 9
	247 88
	248 75
	249 2
	250 5
	251 3
	252 38
	253 43
	254 21
	255 82
	256 49
	257 62
	258 63
	259 97
	260 53
	261 13
	262 80
	263 45
	264 3
	265 99
	266 11
	267 26
	268 35
	269 25
	270 75
	271 34
	272 65
	273 40
	274 68
	275 36
	276 80
	277 53
	278 32
	279 46
	280 62
	281 17
	282 63
	283 6
	284 73
	285 97
	286 55
	287 54
	288 49
	289 52
	290 39
	291 90
	292 88
	293 88
	294 37
	295 63
	296 1
	297 46
	298 10
	299 66
	300 45
	301 5
	302 36
	303 28
	304 65
	305 49
	306 65
	307 32
	308 18
	309 30
	310 5
	311 37
	312 78
	313 54
	314 83
	315 61
	316 79
	317 100
	318 73
	319 25
	320 50
	321 20
	322 14
	323 47
	324 78
	325 47
	326 96
	327 58
	328 52
	329 44
	330 64
	331 19
	332 20
	333 47
	334 93
	335 65
	336 48
	337 74
	338 28
	339 22
	340 8
	341 27
	342 37
	343 39
	344 29
	345 35
	346 26
	347 91
	348 36
	349 23
	350 55
	351 38
	352 5
	353 79
	354 78
	355 37
	356 68
	357 91
	358 6
	359 93
	360 94
	361 25
	362 2
	363 58
	364 82
	365 42
	366 47
	367 14
	368 4
	369 95
	370 18
	371 39
	372 84
	373 24
	374 71
	375 45
	376 74
	377 75
	378 40
	379 28
	380 65
	381 4
	382 68
	383 48
	384 5
	385 74
	386 78
	387 8
	388 90
	389 46
	390 69
	391 59
	392 49
	393 99
	394 10
	395 96
	396 4
	397 4
	398 74
	399 29
	400 13
	401 26
	402 43
	403 69
	404 22
	405 75
	406 56
	407 60
	408 79
	409 9
	410 83
	411 68
	412 72
	413 80
	414 64
	415 86
	416 57
	417 40
	418 99
	419 17
	420 39
	421 39
	422 82
	423 58
	424 34
	425 48
	426 97
	427 50
	428 53
	429 73
	430 1
	431 88
	432 73
	433 7
	434 10
	435 8
	436 97
	437 49
	438 100
	439 97
	440 9
	441 35
	442 12
	443 83
	444 99
	445 42
	446 71
	447 12
	448 46
	449 96
	450 36
	451 11
	452 81
	453 37
	454 49
	455 7
	456 68
	457 28
	458 4
	459 6
	460 22
	461 12
	462 65
	463 54
	464 57
	465 15
	466 92
	467 96
	468 61
	469 52
	470 55
	471 73
	472 6
	473 48
	474 4
	475 97
	476 34
	477 35
	478 10
	479 73
	480 70
	481 31
	482 41
	483 96
	484 9
	485 97
	486 15
	487 54
	488 96
	489 81
	490 26
	491 29
	492 60
	493 80
	494 56
	495 63
	496 97
	497 3
	498 35
	499 5
	500 29
	501 10
	502 63
	503 70
	504 96
	505 75
	506 50
	507 66
	508 79
	509 57
	510 86
	511 65
	512 58
	513 46
	514 24
	515 13
	516 27
	517 29
	518 67
	519 81
	520 49
	521 32
	522 23
	523 21
	524 71
	525 74
	526 20
	527 29
	528 27
	529 4
	530 13
	531 64
	532 74
	533 60
	534 43
	535 48
	536 46
	537 9
	538 46
	539 56
	540 76
	541 7
	542 68
	543 25
	544 43
	545 17
	546 47
	547 91
	548 45
	549 70
	550 77
	551 59
	552 75
	553 81
	554 6
	555 18
	556 17
	557 53
	558 19
	559 49
	560 73
	561 12
	562 30
	563 49
	564 85
	565 32
	566 2
	567 100
	568 55
	569 16
	570 65
	571 37
	572 26
	573 36
	574 4
	575 42
	576 40
	577 29
	578 22
	579 52
	580 39
	581 70
	582 3
	583 13
	584 33
	585 65
	586 23
	587 31
	588 59
	589 19
	590 35
	591 39
	592 37
	593 62
	594 15
	595 15
	596 72
	597 12
	598 6
	599 84
	600 79
	601 4
	602 9
	603 46
	604 92
	605 79
	606 48
	607 80
	608 3
	609 35
	610 16
	611 90
	612 60
	613 31
	614 77
	615 65
	616 32
	617 29
	618 37
	619 50
	620 53
	621 47
	622 29
	623 77
	624 18
	625 72
	626 10
	627 68
	628 40
	629 86
	630 24
	631 50
	632 47
	633 17
	634 27
	635 63
	636 10
	637 91
	638 60
	639 92
	640 56
	641 41
	642 54
	643 15
	644 78
	645 78
	646 74
	647 26
	648 93
	649 20
	650 14
	651 14
	652 35
	653 12
	654 78
	655 51
	656 12
	657 33
	658 58
	659 78
	660 88
	661 25
	662 58
	663 49
	664 33
	665 2
	666 51
	667 46
	668 90
	669 29
	670 7
	671 36
	672 19
	673 16
	674 7
	675 17
	676 55
	677 26
	678 8
	679 67
	680 19
	681 32
	682 68
	683 16
	684 12
	685 75
	686 69
	687 15
	688 38
	689 58
	690 17
	691 92
	692 50
	693 5
	694 99
	695 61
	696 62
	697 88
	698 60
	699 26
	700 68
	701 39
	702 100
	703 19
	704 38
	705 34
	706 40
	707 76
	708 47
	709 68
	710 68
	711 48
	712 37
	713 50
	714 91
	715 9
	716 70
	717 10
	718 90
	719 100
	720 75
	721 56
	722 75
	723 10
	724 80
	725 69
	726 9
	727 2
	728 7
	729 9
	730 79
	731 57
	732 98
	733 28
	734 30
	735 86
	736 98
	737 65
	738 10
	739 3
	740 11
	741 38
	742 21
	743 1
	744 89
	745 81
	746 50
	747 55
	748 34
	749 40
	750 24
	751 53
	752 39
	753 32
	754 37
	755 99
	756 87
	757 32
	758 93
	759 39
	760 7
	761 72
	762 28
	763 36
	764 79
	765 33
	766 69
	767 29
	768 2
	769 69
	770 73
	771 25
	772 80
	773 15
	774 51
	775 2
	776 49
	777 19
	778 35
	779 40
	780 36
	781 51
	782 47
	783 16
	784 31
	785 58
	786 72
	787 56
	788 53
	789 93
	790 64
	791 44
	792 90
	793 57
	794 3
	795 44
	796 12
	797 98
	798 96
	799 31
	800 42
	801 41
	802 100
	803 99
	804 14
	805 31
	806 38
	807 11
	808 22
	809 56
	810 68
	811 85
	812 37
	813 10
	814 10
	815 17
	816 37
	817 44
	818 92
	819 98
	820 32
	821 95
	822 99
	823 61
	824 67
	825 14
	826 51
	827 75
	828 69
	829 59
	830 70
	831 92
	832 98
	833 99
	834 98
	835 74
	836 65
	837 75
	838 22
	839 12
	840 24
	841 94
	842 50
	843 34
	844 43
	845 93
	846 50
	847 68
	848 94
	849 40
	850 26
	851 34
	852 17
	853 4
	854 59
	855 16
	856 72
	857 49
	858 17
	859 71
	860 27
	861 71
	862 27
	863 46
	864 64
	865 59
	866 87
	867 5
	868 24
	869 51
	870 54
	871 31
	872 7
	873 7
	874 72
	875 30
	876 19
	877 93
	878 41
	879 13
	880 82
	881 91
	882 100
	883 13
	884 92
	885 46
	886 83
	887 82
	888 56
	889 59
	890 64
	891 48
	892 52
	893 33
	894 74
	895 50
	896 23
	897 4
	898 95
	899 75
	900 46
	901 43
	902 39
	903 14
	904 44
	905 89
	906 93
	907 75
	908 8
	909 37
	910 32
	911 53
	912 37
	913 75
	914 89
	915 34
	916 45
	917 74
	918 32
	919 54
	920 22
	921 95
	922 10
	923 64
	924 28
	925 15
	926 77
	927 51
	928 89
	929 74
	930 82
	931 71
	932 8
	933 46
	934 17
	935 99
	936 26
	937 58
	938 53
	939 68
	940 83
	941 54
	942 3
	943 98
	944 41
	945 62
	946 11
	947 35
	948 54
	949 39
	950 72
	951 90
	952 33
	953 9
	954 96
	955 56
	956 90
	957 4
	958 76
	959 26
	960 53
	961 40
	962 45
	963 29
	964 98
	965 32
	966 97
	967 62
	968 13
	969 6
	970 72
	971 81
	972 57
	973 36
	974 51
	975 48
	976 23
	977 80
	978 18
	979 70
	980 62
	981 42
	982 47
	983 15
	984 3
	985 59
	986 34
	987 23
	988 51
	989 48
	990 17
	991 62
	992 15
	993 21
	994 30
	995 77
	996 83
	997 3
	998 7
	999 8
	1000 4
;
